{"sensors":[{"hands":[{"palmPosition":[63.061962,158.680191,102.050659],"id":155,"arm":{"basis":[[0.966944,0.188786,-0.171405],[-0.04412,0.785933,0.616735],[0.251143,-0.588786,0.768282]],"width":63.029137,"center":[107.57395935058594,51.57050704956055,274.27276611328125]},"confidence":1,"fingers":[{"bones":[{"basis":[[0.356294,0.91566,0.18607],[-0.82096,0.211685,0.530295],[0.446182,-0.341697,0.827143]],"center":[44.25908279418945,129.37625122070312,150.6082763671875],"matrix":[0.35629400610923767,0.91566002368927,0.18606999516487122,44.25908279418945,-0.8209599852561951,0.21168500185012817,0.5302950143814087,129.37625122070312,0.4461820125579834,-0.34169700741767883,0.8271430134773254,150.6082763671875,0,0,0,1],"nextJoint":[44.259083,129.376251,150.608276],"prevJoint":[44.259083,129.376251,150.608276]},{"basis":[[0.238662,0.969981,-0.046667],[-0.871852,0.235186,0.429606],[0.427685,-0.061843,0.90181]],"center":[33.519798278808594,130.9291534423828,127.9636001586914],"matrix":[0.2386620044708252,0.9699810147285461,-0.04666699841618538,33.519798278808594,-0.8718519806861877,0.23518599569797516,0.42960599064826965,130.9291534423828,0.4276849925518036,-0.06184300035238266,0.9018099904060364,127.9636001586914,0,0,0,1],"nextJoint":[22.780514,132.482056,105.318924],"prevJoint":[44.259083,129.376251,150.608276]},{"basis":[[0.229092,0.970911,-0.069628],[-0.912064,0.239096,0.333124],[0.340082,-0.012811,0.940309]],"center":[17.01871109008789,132.6990966796875,89.3878402709961],"matrix":[0.22909200191497803,0.9709110260009766,-0.06962800025939941,17.01871109008789,-0.9120640158653259,0.239096000790596,0.3331240117549896,132.6990966796875,0.34008198976516724,-0.01281100045889616,0.9403089880943298,89.3878402709961,0,0,0,1],"nextJoint":[11.25691,132.916138,73.456757],"prevJoint":[22.780514,132.482056,105.318924]},{"basis":[[0.239316,0.969884,-0.045298],[-0.869103,0.234782,0.43536],[0.432884,-0.06482,0.899116]],"center":[7.403964996337891,133.4930877685547,65.45404052734375],"matrix":[0.23931600153446198,0.9698839783668518,-0.04529799893498421,7.403964996337891,-0.8691030144691467,0.23478199541568756,0.43536001443862915,133.4930877685547,0.43288400769233704,-0.06481999903917313,0.8991159796714783,65.45404052734375,0,0,0,1],"nextJoint":[3.55102,134.070023,57.451321],"prevJoint":[11.25691,132.916138,73.456757]}]},{"bones":[{"basis":[[0.98264,0.116059,-0.144739],[-0.074494,0.961338,0.265102],[0.169911,-0.249718,0.953295]],"center":[44.42550277709961,160.7880096435547,116.08181762695312],"matrix":[0.9826400279998779,0.11605899780988693,-0.14473900198936462,44.42550277709961,-0.07449399679899216,0.9613379836082458,0.26510199904441833,160.7880096435547,0.1699109971523285,-0.24971799552440643,0.9532949924468994,116.08181762695312,0,0,0,1],"nextJoint":[38.216961,169.912689,81.248436],"prevJoint":[50.634048,151.66333,150.915192]},{"basis":[[0.984371,0.113118,-0.134972],[-0.062632,0.941193,0.332013],[0.164592,-0.318371,0.933568]],"center":[34.744998931884766,176.62852478027344,61.55539321899414],"matrix":[0.9843710064888,0.1131180003285408,-0.1349720060825348,34.744998931884766,-0.0626320019364357,0.9411929845809937,0.33201301097869873,176.62852478027344,0.16459199786186218,-0.3183709979057312,0.933568000793457,61.55539321899414,0,0,0,1],"nextJoint":[31.273039,183.34436,41.86235],"prevJoint":[38.216961,169.912689,81.248436]},{"basis":[[0.98648,0.109453,-0.12197],[-0.079222,0.970023,0.229736],[0.143459,-0.216967,0.96558]],"center":[29.589574813842773,185.8904266357422,30.531444549560547],"matrix":[0.9864799976348877,0.1094530001282692,-0.12196999788284302,29.589574813842773,-0.07922200113534927,0.970022976398468,0.22973600029945374,185.8904266357422,0.1434590071439743,-0.21696700155735016,0.9655799865722656,30.531444549560547,0,0,0,1],"nextJoint":[27.906111,188.436508,19.200539],"prevJoint":[31.273039,183.34436,41.86235]},{"basis":[[0.989832,0.105602,-0.09529],[-0.098553,0.992234,0.075884],[0.102563,-0.065721,0.992553]],"center":[27.251131057739258,188.856201171875,12.861991882324219],"matrix":[0.9898319840431213,0.10560200363397598,-0.09528999775648117,27.251131057739258,-0.09855300188064575,0.9922339916229248,0.07588399946689606,188.856201171875,0.10256300121545792,-0.06572099775075912,0.9925529956817627,12.861991882324219,0,0,0,1],"nextJoint":[26.596151,189.275909,6.523444],"prevJoint":[27.906111,188.436508,19.200539]}]},{"bones":[{"basis":[[0.994766,-0.084342,-0.057674],[0.096453,0.961404,0.257681],[0.033714,-0.261895,0.964507]],"center":[61.06039047241211,164.163330078125,114.7633285522461],"matrix":[0.9947659969329834,-0.08434200286865234,-0.057673998177051544,61.06039047241211,0.09645300358533859,0.961404025554657,0.2576810121536255,164.163330078125,0.03371400013566017,-0.26189500093460083,0.964506983757019,114.7633285522461,0,0,0,1],"nextJoint":[59.892136,173.238464,81.341385],"prevJoint":[62.228645,155.088181,148.185272]},{"basis":[[0.992818,-0.112907,0.039561],[0.095469,0.946975,0.306797],[-0.072103,-0.300817,0.950952]],"center":[61.61851501464844,180.44097900390625,58.572532653808594],"matrix":[0.9928179979324341,-0.11290699988603592,0.03956099972128868,61.61851501464844,0.09546899795532227,0.9469749927520752,0.30679699778556824,180.44097900390625,-0.07210300117731094,-0.30081701278686523,0.9509519934654236,58.572532653808594,0,0,0,1],"nextJoint":[63.344894,187.643509,35.80368],"prevJoint":[59.892136,173.238464,81.341385]},{"basis":[[0.99001,-0.120528,0.073165],[0.108743,0.983004,0.147915],[-0.089749,-0.138481,0.98629]],"center":[64.60794830322266,189.59237670898438,21.923477172851562],"matrix":[0.9900100231170654,-0.12052799761295319,0.07316499948501587,64.60794830322266,0.10874299705028534,0.9830039739608765,0.14791500568389893,189.59237670898438,-0.08974900096654892,-0.138481006026268,0.9862899780273438,21.923477172851562,0,0,0,1],"nextJoint":[65.870995,191.541245,8.043276],"prevJoint":[63.344894,187.643509,35.80368]},{"basis":[[0.986568,-0.122446,0.108122],[0.124934,0.992028,-0.016515],[-0.105238,0.029802,0.994]],"center":[66.62239074707031,191.32846069335938,0.9461244940757751],"matrix":[0.9865679740905762,-0.12244600057601929,0.10812199860811234,66.62239074707031,0.12493400275707245,0.992027997970581,-0.01651499979197979,191.32846069335938,-0.10523799806833267,0.029802000150084496,0.9940000176429749,0.9461244940757751,0,0,0,1],"nextJoint":[67.373787,191.115677,-6.151027],"prevJoint":[65.870995,191.541245,8.043276]}]},{"bones":[{"basis":[[0.978765,-0.194196,0.06563],[0.168304,0.944083,0.283517],[-0.117018,-0.26645,0.956719]],"center":[77.6637954711914,162.09681701660156,116.31682586669922],"matrix":[0.9787650108337402,-0.19419600069522858,0.0656299963593483,77.6637954711914,0.16830399632453918,0.9440829753875732,0.2835170030593872,162.09681701660156,-0.11701799929141998,-0.2664499878883362,0.9567189812660217,116.31682586669922,0,0,0,1],"nextJoint":[81.30442,170.386505,86.551819],"prevJoint":[74.02317,153.807129,146.081833]},{"basis":[[0.967447,-0.21441,0.134442],[0.161952,0.932738,0.322134],[-0.194469,-0.289875,0.937099]],"center":[85.62031555175781,176.8197784423828,65.75450134277344],"matrix":[0.9674469828605652,-0.21441000699996948,0.13444200158119202,85.62031555175781,0.16195200383663177,0.9327380061149597,0.32213398814201355,176.8197784423828,-0.19446900486946106,-0.28987500071525574,0.9370989799499512,65.75450134277344,0,0,0,1],"nextJoint":[89.936218,183.253052,44.957191],"prevJoint":[81.30442,170.386505,86.551819]},{"basis":[[0.963552,-0.2184,0.154494],[0.199855,0.971562,0.126984],[-0.177834,-0.091479,0.979799]],"center":[92.36759185791016,184.50376892089844,31.56123161315918],"matrix":[0.9635519981384277,-0.2184000015258789,0.1544940024614334,92.36759185791016,0.1998549997806549,0.9715620279312134,0.12698400020599365,184.50376892089844,-0.17783400416374207,-0.09147900342941284,0.9797989726066589,31.56123161315918,0,0,0,1],"nextJoint":[94.798965,185.754486,18.165272],"prevJoint":[89.936218,183.253052,44.957191]},{"basis":[[0.95992,-0.218103,0.176023],[0.234839,0.968705,-0.080385],[-0.152982,0.1185,0.981098]],"center":[95.88406372070312,184.91397094726562,11.206344604492188],"matrix":[0.9599199891090393,-0.21810300648212433,0.17602300643920898,95.88406372070312,0.23483900725841522,0.9687049984931946,-0.0803849995136261,184.91397094726562,-0.15298199653625488,0.1185000017285347,0.9810979962348938,11.206344604492188,0,0,0,1],"nextJoint":[96.96917,184.073441,4.247417],"prevJoint":[94.798965,185.754486,18.165272]}]},{"bones":[{"basis":[[0.91729,-0.377032,0.128166],[0.307485,0.875111,0.373676],[-0.253047,-0.30336,0.918662]],"center":[92.9835433959961,154.6649169921875,118.90398406982422],"matrix":[0.9172899723052979,-0.37703201174736023,0.12816600501537323,92.9835433959961,0.30748501420021057,0.8751109838485718,0.37367600202560425,154.6649169921875,-0.25304698944091797,-0.3033599853515625,0.9186620116233826,118.90398406982422,0,0,0,1],"nextJoint":[100.27121,163.401581,92.446854],"prevJoint":[85.695877,145.928253,145.361115]},{"basis":[[0.889529,-0.405039,0.21138],[0.294718,0.862231,0.411945],[-0.349112,-0.30414,0.886352]],"center":[106.35700225830078,168.7034149169922,76.99579620361328],"matrix":[0.8895289897918701,-0.4050390124320984,0.2113800048828125,106.35700225830078,0.2947179973125458,0.8622310161590576,0.4119449853897095,168.7034149169922,-0.34911200404167175,-0.30414000153541565,0.886352002620697,76.99579620361328,0,0,0,1],"nextJoint":[112.442802,174.005234,61.544739],"prevJoint":[100.27121,163.401581,92.446854]},{"basis":[[0.895991,-0.400743,0.191324],[0.368863,0.911524,0.181834],[-0.247265,-0.092349,0.964537]],"center":[114.79277801513672,174.88291931152344,52.377899169921875],"matrix":[0.8959910273551941,-0.4007430076599121,0.19132399559020996,114.79277801513672,0.36886298656463623,0.9115239977836609,0.18183399736881256,174.88291931152344,-0.24726499617099762,-0.09234900027513504,0.9645370244979858,52.377899169921875,0,0,0,1],"nextJoint":[117.142754,175.76059,43.211056],"prevJoint":[112.442802,174.005234,61.544739]},{"basis":[[0.899367,-0.400567,0.175169],[0.406836,0.913501,0.000134],[-0.160071,0.071144,0.984538]],"center":[118.18618774414062,175.2968292236328,36.793270111083984],"matrix":[0.8993669748306274,-0.4005669951438904,0.17516900599002838,118.18618774414062,0.40683600306510925,0.9135010242462158,0.0001340000017080456,175.2968292236328,-0.16007100045681,0.0711439996957779,0.9845380187034607,36.793270111083984,0,0,0,1],"nextJoint":[119.229622,174.833069,30.375484],"prevJoint":[117.142754,175.76059,43.211056]}]}]}],"id":1006333}]}