{"hands":[{"arm":{"palmNormal":[-0.659285,-0.490085,0.570228],"basis":[[0.541389,-0.818189,-0.193559],[0.537007,0.513641,-0.669176],[0.646932,0.258343,0.717452]],"width":65.004967,"center":[-329.69952392578125,242.0725555419922,139.95693969726562]},"confidence":1,"fingers":[{"bones":[{"basis":[[0.538439,0.132431,-0.832193],[0.397328,0.831001,0.389317],[0.743111,-0.540277,0.394824]],"center":[-444.9346008300781,224.63821411132812,48.214813232421875],"matrix":[0.5384389758110046,0.1324310004711151,-0.8321930170059204,-444.9346008300781,0.3973279893398285,0.8310009837150574,0.38931700587272644,224.63821411132812,0.7431110143661499,-0.5402770042419434,0.39482399821281433,48.214813232421875,0,0,0,1],"nextJoint":[-444.934601,224.638214,48.214813],"prevJoint":[-444.934601,224.638214,48.214813]},{"basis":[[0.440859,0.199908,-0.875031],[0.404991,0.825702,0.392681],[0.801015,-0.527497,0.283058]],"center":[-464.6656188964844,237.6317901611328,41.24238967895508],"matrix":[0.44085898995399475,0.19990800321102142,-0.8750309944152832,-464.6656188964844,0.4049910008907318,0.8257020115852356,0.3926810026168823,237.6317901611328,0.8010150194168091,-0.5274969935417175,0.2830579876899719,41.24238967895508,0,0,0,1],"nextJoint":[-484.396667,250.625366,34.26997],"prevJoint":[-444.934601,224.638214,48.214813]},{"basis":[[0.346211,0.232522,-0.908885],[-0.013596,0.96994,0.242964],[0.938058,-0.07176,0.338965]],"center":[-500.0762634277344,251.8248291015625,28.604183197021484],"matrix":[0.3462109863758087,0.23252199590206146,-0.9088850021362305,-500.0762634277344,-0.013596000149846077,0.9699400067329407,0.2429639995098114,251.8248291015625,0.9380580186843872,-0.07175999879837036,0.3389649987220764,28.604183197021484,0,0,0,1],"nextJoint":[-515.755859,253.024292,22.938398],"prevJoint":[-484.396667,250.625366,34.26997]},{"basis":[[0.2087,0.190248,-0.959297],[-0.621719,0.782984,0.020023],[0.754923,0.592235,0.28169]],"center":[-522.4052124023438,247.8079071044922,20.457279205322266],"matrix":[0.2087000012397766,0.19024799764156342,-0.9592970013618469,-522.4052124023438,-0.6217190027236938,0.7829840183258057,0.020022999495267868,247.8079071044922,0.7549229860305786,0.5922350287437439,0.28169000148773193,20.457279205322266,0,0,0,1],"nextJoint":[-529.054565,242.591507,17.976162],"prevJoint":[-515.755859,253.024292,22.938398]}]},{"bones":[{"basis":[[0.09734,-0.807639,-0.581587],[0.541393,0.533308,-0.649982],[0.835116,-0.251598,0.489162]],"center":[-466.63177490234375,239.14833068847656,9.470390319824219],"matrix":[0.09734000265598297,-0.8076390027999878,-0.581587016582489,-466.63177490234375,0.541392982006073,0.5333080291748047,-0.6499819755554199,239.14833068847656,0.8351160287857056,-0.2515980005264282,0.48916199803352356,9.470390319824219,0,0,0,1],"nextJoint":[-497.657257,248.495483,-8.702526],"prevJoint":[-435.606323,229.801193,27.643307]},{"basis":[[0.248904,-0.849768,-0.464695],[0.670742,0.497354,-0.550222],[0.698679,-0.174738,0.693769]],"center":[-511.49365234375,251.9559326171875,-22.44169807434082],"matrix":[0.2489040046930313,-0.8497679829597473,-0.464695006608963,-511.49365234375,0.6707419753074646,0.49735400080680847,-0.5502219796180725,251.9559326171875,0.6986789703369141,-0.17473800480365753,0.6937689781188965,-22.44169807434082,0,0,0,1],"nextJoint":[-525.330078,255.416397,-36.18087],"prevJoint":[-497.657257,248.495483,-8.702526]},{"basis":[[0.091354,-0.829068,-0.551635],[0.214132,0.557347,-0.802192],[0.972523,-0.044839,0.228446]],"center":[-535.8745727539062,255.90255737304688,-38.657779693603516],"matrix":[0.09135399758815765,-0.8290680050849915,-0.5516350269317627,-535.8745727539062,0.21413199603557587,0.5573469996452332,-0.802191972732544,255.90255737304688,0.9725229740142822,-0.04483899846673012,0.22844600677490234,-38.657779693603516,0,0,0,1],"nextJoint":[-546.419128,256.388733,-41.134693],"prevJoint":[-525.330078,255.416397,-36.18087]},{"basis":[[-0.092079,-0.84123,-0.532778],[-0.443134,0.513767,-0.734627],[0.891714,0.168449,-0.420085]],"center":[-551.6627807617188,255.39817810058594,-38.664405822753906],"matrix":[-0.09207899868488312,-0.8412299752235413,-0.5327780246734619,-551.6627807617188,-0.44313400983810425,0.5137670040130615,-0.7346270084381104,255.39817810058594,0.8917139768600464,0.16844899952411652,-0.42008501291275024,-38.664405822753906,0,0,0,1],"nextJoint":[-556.906494,254.407623,-36.194118],"prevJoint":[-546.419128,256.388733,-41.134693]}]},{"bones":[{"basis":[[0.115542,-0.913209,-0.390768],[0.568259,0.383436,-0.728051],[0.814698,-0.137937,0.563242]],"center":[-463.28814697265625,225.40220642089844,-2.870206594467163],"matrix":[0.11554200202226639,-0.9132090210914612,-0.39076799154281616,-463.28814697265625,0.5682590007781982,0.383435994386673,-0.7280510067939758,225.40220642089844,0.8146979808807373,-0.13793699443340302,0.5632420182228088,-2.870206594467163,0,0,0,1],"nextJoint":[-491.991058,230.261902,-22.713987],"prevJoint":[-434.585236,220.542511,16.973574]},{"basis":[[-0.063899,-0.864578,-0.49842],[0.529801,0.393859,-0.751123],[0.845711,-0.312059,0.432887]],"center":[-511.4240417480469,237.4324951171875,-32.660987854003906],"matrix":[-0.06389900296926498,-0.8645780086517334,-0.49842000007629395,-511.4240417480469,0.5298010110855103,0.39385899901390076,-0.7511230111122131,237.4324951171875,0.8457109928131104,-0.3120589852333069,0.4328869879245758,-32.660987854003906,0,0,0,1],"nextJoint":[-530.857056,244.603073,-42.60799],"prevJoint":[-491.991058,230.261902,-22.713987]},{"basis":[[-0.041957,-0.871755,-0.488143],[0.455666,0.418107,-0.785847],[0.889162,-0.255402,0.379686]],"center":[-542.8107299804688,248.03662109375,-47.7123908996582],"matrix":[-0.04195699840784073,-0.8717550039291382,-0.4881429970264435,-542.8107299804688,0.4556660056114197,0.4181070029735565,-0.785847008228302,248.03662109375,0.889162003993988,-0.25540199875831604,0.37968599796295166,-47.7123908996582,0,0,0,1],"nextJoint":[-554.764343,251.470169,-52.816792],"prevJoint":[-530.857056,244.603073,-42.60799]},{"basis":[[0.068178,-0.885705,-0.459215],[0.093835,0.463939,-0.880884],[0.993251,0.016967,0.11474]],"center":[-561.5138549804688,251.35487365722656,-53.596492767333984],"matrix":[0.06817799806594849,-0.8857049942016602,-0.459214985370636,-561.5138549804688,0.0938350036740303,0.46393901109695435,-0.8808839917182922,251.35487365722656,0.9932510256767273,0.01696700043976307,0.11473999917507172,-53.596492767333984,0,0,0,1],"nextJoint":[-568.263306,251.239578,-54.376194],"prevJoint":[-554.764343,251.470169,-52.816792]}]},{"bones":[{"basis":[[0.191004,-0.949843,-0.24762],[0.600743,0.312619,-0.735784],[0.77629,-0.008219,0.630323]],"center":[-459.0742492675781,209.63609313964844,-8.00019645690918],"matrix":[0.19100399315357208,-0.9498429894447327,-0.24762000143527985,-459.0742492675781,0.6007429957389832,0.31261900067329407,-0.7357839941978455,209.63609313964844,0.7762899994850159,-0.008218999952077866,0.6303229928016663,-8.00019645690918,0,0,0,1],"nextJoint":[-483.629761,209.896072,-27.938484],"prevJoint":[-434.518768,209.376129,11.938091]},{"basis":[[0.012145,-0.91993,-0.391895],[0.654423,0.303641,-0.692483],[0.756031,-0.248055,0.605711]],"center":[-499.69244384765625,215.16624450683594,-40.80744552612305],"matrix":[0.012144999578595161,-0.9199299812316895,-0.39189499616622925,-499.69244384765625,0.6544229984283447,0.3036409914493561,-0.6924830079078674,215.16624450683594,0.7560309767723083,-0.24805499613285065,0.6057109832763672,-40.80744552612305,0,0,0,1],"nextJoint":[-515.755127,220.436432,-53.676407],"prevJoint":[-483.629761,209.896072,-27.938484]},{"basis":[[-0.019461,-0.910449,-0.413164],[0.528237,0.341494,-0.777398],[0.848874,-0.233378,0.474287]],"center":[-526.8261108398438,223.48013305664062,-59.86204528808594],"matrix":[-0.019461000338196754,-0.9104490280151367,-0.4131639897823334,-526.8261108398438,0.528236985206604,0.34149399399757385,-0.7773979902267456,223.48013305664062,0.8488739728927612,-0.23337799310684204,0.4742870032787323,-59.86204528808594,0,0,0,1],"nextJoint":[-537.897095,226.523849,-66.047684],"prevJoint":[-515.755127,220.436432,-53.676407]},{"basis":[[-0.097221,-0.892465,-0.440516],[0.229537,0.410574,-0.882464],[0.968432,-0.186909,0.164937]],"center":[-544.4641723632812,227.7913055419922,-67.16614532470703],"matrix":[-0.0972210019826889,-0.8924649953842163,-0.44051599502563477,-544.4641723632812,0.2295369952917099,0.4105739891529083,-0.8824639916419983,227.7913055419922,0.9684320092201233,-0.1869090050458908,0.16493700444698334,-67.16614532470703,0,0,0,1],"nextJoint":[-551.03125,229.058762,-68.284607],"prevJoint":[-537.897095,226.523849,-66.047684]}]},{"bones":[{"basis":[[0.177664,-0.98292,-0.048004],[0.689345,0.159115,-0.706743],[0.70231,0.092472,0.70584]],"center":[-456.36785888671875,191.39111328125,-7.324741840362549],"matrix":[0.17766399681568146,-0.9829199910163879,-0.04800400137901306,-456.36785888671875,0.6893450021743774,0.1591150015592575,-0.7067430019378662,191.39111328125,0.7023100256919861,0.09247200191020966,0.705839991569519,-7.324741840362549,0,0,0,1],"nextJoint":[-476.932404,188.683426,-27.992653],"prevJoint":[-435.803314,194.098801,13.343169]},{"basis":[[0.021746,-0.972793,-0.230652],[0.814655,0.150977,-0.559949],[0.579538,-0.175725,0.795774]],"center":[-486.5999450683594,191.6147918701172,-41.26734161376953],"matrix":[0.02174600027501583,-0.9727929830551147,-0.23065200448036194,-486.5999450683594,0.8146550059318542,0.1509770005941391,-0.5599489808082581,191.6147918701172,0.5795379877090454,-0.17572499811649323,0.795773983001709,-41.26734161376953,0,0,0,1],"nextJoint":[-496.267487,194.546143,-54.54203],"prevJoint":[-476.932404,188.683426,-27.992653]},{"basis":[[0.059435,-0.980864,-0.1854],[0.726215,0.169916,-0.666139],[0.684894,-0.095049,0.722417]],"center":[-502.3822326660156,195.39474487304688,-60.99177932739258],"matrix":[0.05943499878048897,-0.9808639883995056,-0.18539999425411224,-502.3822326660156,0.7262150049209595,0.16991600394248962,-0.6661390066146851,195.39474487304688,0.6848940253257751,-0.09504900127649307,0.7224169969558716,-60.99177932739258,0,0,0,1],"nextJoint":[-508.496979,196.243332,-67.441528],"prevJoint":[-496.267487,194.546143,-54.54203]},{"basis":[[0.109901,-0.98334,-0.144788],[0.505851,0.180729,-0.843476],[0.855591,0.019458,0.517286]],"center":[-513.7696533203125,196.12342834472656,-70.62934875488281],"matrix":[0.10990100353956223,-0.9833400249481201,-0.14478799700737,-513.7696533203125,0.5058509707450867,0.1807290017604828,-0.8434759974479675,196.12342834472656,0.8555909991264343,0.019457999616861343,0.5172860026359558,-70.62934875488281,0,0,0,1],"nextJoint":[-519.042297,196.00351,-73.817169],"prevJoint":[-508.496979,196.243332,-67.441528]}]}]}],"id":89052}