{"sensors":[{"dump":"Frame Info:<br/>Frame [ id:1152373 | timestamp:85921866592 | Hand count:(1) | Pointable count:(5) | Gesture count:(0) ]<br/><br/>Hands:<br/>  Hand (left) [ id: 651 | palm velocity:-3.183546,-8.393854,-15.195156 | sphere center:undefined ] <br/><br/><br/>Pointables:<br/>  Finger [ id:6510 46.318508mmx | width:18.076792mm | direction:0.978553,-0.031871,0.203514 ]<br/>  Finger [ id:6511 52.088047mmx | width:17.266953mm | direction:0.942743,0.072317,-0.325586 ]<br/>  Finger [ id:6512 58.908096mmx | width:16.958441mm | direction:0.823693,0.068889,-0.562836 ]<br/>  Finger [ id:6513 55.892651mmx | width:16.137032mm | direction:0.65846,0.048749,-0.751035 ]<br/>  Finger [ id:6514 44.030426mmx | width:14.334173mm | direction:0.309756,-0.043758,-0.949809 ]<br/><br/><br/>Gestures:<br/><br/><br/>Raw JSON:<br/>{\"currentFrameRate\":115.331329,\"devices\":[],\"hands\":[{\"armBasis\":[[-0.172519,0.072015,-0.98237],[-0.231735,0.966363,0.111538],[-0.957359,-0.246892,0.150027]],\"armWidth\":57.579273,\"confidence\":1,\"direction\":[0.819456,0.030813,-0.572313],\"elbow\":[-317.265045,121.447884,105.583969],\"grabAngle\":0.052772,\"grabStrength\":0,\"id\":651,\"palmNormal\":[0.049471,-0.99863,0.017068],\"palmPosition\":[-13.524029,184.05957,37.668789],\"palmVelocity\":[-3.183546,-8.393854,-15.195156],\"palmWidth\":84.48896,\"pinchDistance\":73.088058,\"pinchStrength\":0,\"timeVisible\":2.003171,\"type\":\"left\",\"wrist\":[-77.242462,183.347,67.970139]}],\"id\":1152373,\"pointables\":[{\"bases\":[[[-0.114116,0.882193,-0.456851],[0.117611,0.468618,0.875537],[-0.986481,-0.046182,0.157233]],[[0.104431,0.884125,-0.455431],[-0.137243,0.466365,0.873881],[-0.985017,0.028756,-0.170043]],[[0.122769,0.883558,-0.451943],[-0.165413,0.467235,0.868522],[-0.978553,0.031871,-0.203514]],[[0.132213,0.883243,-0.449891],[-0.179926,0.467721,0.865369],[-0.974755,0.033466,-0.220757]]],\"btipPosition\":[44.618214,173.845169,100.108963],\"carpPosition\":[-44.45303,176.625763,82.844124],\"dipPosition\":[29.014503,174.38089,96.575127],\"direction\":[0.978553,-0.031871,0.203514],\"extended\":true,\"handId\":651,\"id\":6510,\"length\":46.318508,\"mcpPosition\":[-44.45303,176.625763,82.844124],\"pipPosition\":[-0.646105,175.346909,90.406487],\"timeVisible\":2.003171,\"tipPosition\":[44.618214,173.845169,100.108963],\"type\":0,\"width\":18.076792},{\"bases\":[[[-0.425309,-0.036525,-0.904311],[0.085131,0.993141,-0.080151],[-0.901036,0.111074,0.419282]],[[-0.329715,-0.032274,-0.943529],[-0.19203,0.980815,0.033555],[-0.924344,-0.19225,0.329587]],[[-0.32412,-0.031481,-0.945492],[-0.078625,0.996885,-0.006239],[-0.942743,-0.072317,0.325586]],[[-0.315347,-0.031752,-0.948445],[0.113882,0.990951,-0.071039],[-0.942118,0.130412,0.308878]]],\"btipPosition\":[84.25267,195.893524,20.452032],\"carpPosition\":[-43.671005,196.1203,72.219498],\"dipPosition\":[73.295311,197.410294,24.044455],\"direction\":[0.942743,0.072317,-0.325586],\"extended\":true,\"handId\":651,\"id\":6511,\"length\":52.088047,\"mcpPosition\":[17.881624,188.532486,43.576981],\"pipPosition\":[53.128532,195.863312,31.009253],\"timeVisible\":2.003171,\"tipPosition\":[84.25267,195.893524,20.452032],\"type\":1,\"width\":17.266953},{\"bases\":[[[-0.551371,-0.189951,-0.812348],[-0.007801,0.974866,-0.222657],[-0.834224,0.11643,0.538995]],[[-0.552471,-0.189989,-0.811591],[-0.251077,0.966386,-0.055311],[-0.794819,-0.173214,0.581601]],[[-0.543248,-0.188609,-0.818112],[-0.162515,0.979633,-0.117932],[-0.823693,-0.068889,0.562836]],[[-0.527198,-0.189039,-0.828448],[-0.003127,0.975365,-0.220574],[-0.849736,0.113696,0.514802]]],\"btipPosition\":[71.819641,197.174286,-18.862984],\"carpPosition\":[-47.356205,197.072525,61.362743],\"dipPosition\":[61.056381,198.614426,-12.342198],\"direction\":[0.823693,0.068889,-0.562836],\"extended\":true,\"handId\":651,\"id\":6512,\"length\":58.908096,\"mcpPosition\":[6.687487,189.529831,26.444931],\"pipPosition\":[40.475098,196.893127,1.721151],\"timeVisible\":2.003171,\"tipPosition\":[71.819641,197.174286,-18.862984],\"type\":2,\"width\":16.958441},{\"bases\":[[[-0.665957,-0.243692,-0.705064],[-0.073763,0.962018,-0.262831],[-0.742334,0.123027,0.658638]],[[-0.723633,-0.245224,-0.645151],[-0.289957,0.956275,-0.038253],[-0.626322,-0.159386,0.763097]],[[-0.721115,-0.244816,-0.648119],[-0.215461,0.968343,-0.126048],[-0.65846,-0.048749,0.751035]],[[-0.717211,-0.245189,-0.652297],[-0.054746,0.952988,-0.298021],[-0.694702,0.178033,0.696917]]],\"btipPosition\":[39.454346,192.233002,-42.873547],\"carpPosition\":[-52.558113,194.218414,51.849854],\"dipPosition\":[30.823523,194.444839,-34.215214],\"direction\":[0.65846,0.048749,-0.751035],\"extended\":true,\"handId\":651,\"id\":6513,\"length\":55.892651,\"mcpPosition\":[-9.380608,187.062622,13.540487],\"pipPosition\":[15.035414,193.27597,-16.207418],\"timeVisible\":2.003171,\"tipPosition\":[39.454346,192.233002,-42.873547],\"type\":3,\"width\":16.137032},{\"bases\":[[[-0.725995,-0.383396,-0.570911],[-0.241738,0.919468,-0.310066],[-0.643813,0.087096,0.76021]],[[-0.878423,-0.386043,-0.281681],[-0.399352,0.916732,-0.010996],[-0.26247,-0.102831,0.959445]],[[-0.881974,-0.386409,-0.269832],[-0.355208,0.921289,-0.158286],[-0.309756,0.043758,0.949809]],[[-0.891803,-0.38091,-0.244121],[-0.243251,0.858652,-0.45116],[-0.381466,0.342963,0.858405]]],\"btipPosition\":[-7.513897,179.909714,-52.162083],\"carpPosition\":[-59.985279,186.112503,44.573692],\"dipPosition\":[-11.922175,183.873047,-42.242226],\"direction\":[0.309756,-0.043758,-0.949809],\"extended\":true,\"handId\":651,\"id\":6514,\"length\":44.030426,\"mcpPosition\":[-25.32094,181.423065,3.642235],\"pipPosition\":[-17.173878,184.614929,-26.138865],\"timeVisible\":2.003171,\"tipPosition\":[-7.513897,179.909714,-52.162083],\"type\":4,\"width\":14.334173}],\"timestamp\":85921866592}","toString":"Frame [ id:1152373 | timestamp:85921866592 | Hand count:(1) | Pointable count:(5) | Gesture count:(0) ]","hands":[{"palmPosition":[-13.524029,184.05957,37.668789],"grabStrength":0,"confidence":1,"direction":[0.819456,0.030813,-0.572313],"palmNormal":[0.049471,-0.99863,0.017068],"palmVelocity":[-3.183546,-8.393854,-15.195156],"pinchStrength":0,"type":"left","toString":"Hand (left) [ id: 651 | palm velocity:-3.183546,-8.393854,-15.195156 | sphere center:undefined ] ","roll":0.049498403378972364,"pitch":0.05378748918652084,"yaw":0.9611409518316677,"arm":{"basis":[[-0.172519,0.072015,-0.98237],[-0.231735,0.966363,0.111538],[-0.957359,-0.246892,0.150027]],"width":57.579273,"center":[-197.25375366210938,152.39744567871094,86.77705383300781],"matrix":[0.1725189983844757,-0.07201500236988068,0.9823700189590454,-197.25375366210938,-0.2317350059747696,0.9663630127906799,0.11153800040483475,152.39744567871094,-0.9573590159416199,-0.24689200520515442,0.15002700686454773,86.77705383300781,0,0,0,1],"nextJoint":[-77.242462,183.347,67.970139],"prevJoint":[-317.265045,121.447884,105.583969],"type":4},"fingers":[{"bones":[{"basis":[[-0.114116,0.882193,-0.456851],[0.117611,0.468618,0.875537],[-0.986481,-0.046182,0.157233]],"center":[-44.45302963256836,176.62576293945312,82.84412384033203],"matrix":[0.11411599814891815,-0.8821930289268494,0.4568510055541992,-44.45302963256836,0.11761099845170975,0.4686180055141449,0.8755369782447815,176.62576293945312,-0.9864810109138489,-0.046181999146938324,0.15723299980163574,82.84412384033203,0,0,0,1],"nextJoint":[-44.45303,176.625763,82.844124],"prevJoint":[-44.45303,176.625763,82.844124],"width":18.076792,"type":0},{"basis":[[0.104431,0.884125,-0.455431],[-0.137243,0.466365,0.873881],[-0.985017,0.028756,-0.170043]],"center":[-22.54956817626953,175.98634338378906,86.62530517578125],"matrix":[-0.10443100333213806,-0.8841249942779541,0.4554310142993927,-22.54956817626953,-0.13724300265312195,0.4663650095462799,0.8738809823989868,175.98634338378906,-0.9850170016288757,0.028756000101566315,-0.1700430065393448,86.62530517578125,0,0,0,1],"nextJoint":[-0.646105,175.346909,90.406487],"prevJoint":[-44.45303,176.625763,82.844124],"width":18.076792,"type":1},{"basis":[[0.122769,0.883558,-0.451943],[-0.165413,0.467235,0.868522],[-0.978553,0.031871,-0.203514]],"center":[14.184199333190918,174.86390686035156,93.49080657958984],"matrix":[-0.12276899814605713,-0.8835579752922058,0.4519430100917816,14.184199333190918,-0.1654130071401596,0.4672349989414215,0.8685219883918762,174.86390686035156,-0.9785529971122742,0.031870998442173004,-0.2035139948129654,93.49080657958984,0,0,0,1],"nextJoint":[29.014503,174.38089,96.575127],"prevJoint":[-0.646105,175.346909,90.406487],"width":18.076792,"type":2},{"basis":[[0.132213,0.883243,-0.449891],[-0.179926,0.467721,0.865369],[-0.974755,0.033466,-0.220757]],"center":[36.81635665893555,174.113037109375,98.34204864501953],"matrix":[-0.13221299648284912,-0.8832430243492126,0.44989100098609924,36.81635665893555,-0.17992599308490753,0.46772098541259766,0.8653690218925476,174.113037109375,-0.9747549891471863,0.033466000109910965,-0.22075699269771576,98.34204864501953,0,0,0,1],"nextJoint":[44.618214,173.845169,100.108963],"prevJoint":[29.014503,174.38089,96.575127],"width":18.076792,"type":3}],"type":0,"extended":true,"toString":"Finger [ id:6510 46.318508mmx | width:18.076792mm | direction:0.978553,-0.031871,0.203514 ]","carpPosition":[-44.45303,176.625763,82.844124],"dipPosition":[29.014503,174.38089,96.575127],"mcpPosition":[-44.45303,176.625763,82.844124],"pipPosition":[-0.646105,175.346909,90.406487],"tipPosition":[44.618214,173.845169,100.108963],"length":46.318508,"timeVisible":2.003171,"width":18.076792},{"bones":[{"basis":[[-0.425309,-0.036525,-0.904311],[0.085131,0.993141,-0.080151],[-0.901036,0.111074,0.419282]],"center":[-12.89469051361084,192.32638549804688,57.89823913574219],"matrix":[0.4253090023994446,0.036524999886751175,0.9043110013008118,-12.89469051361084,0.08513099700212479,0.9931409955024719,-0.08015099912881851,192.32638549804688,-0.9010360240936279,0.11107400059700012,0.4192819893360138,57.89823913574219,0,0,0,1],"nextJoint":[17.881624,188.532486,43.576981],"prevJoint":[-43.671005,196.1203,72.219498],"width":17.266953,"type":0},{"basis":[[-0.329715,-0.032274,-0.943529],[-0.19203,0.980815,0.033555],[-0.924344,-0.19225,0.329587]],"center":[35.50507736206055,192.19790649414062,37.29311752319336],"matrix":[0.3297150135040283,0.032274000346660614,0.9435290098190308,35.50507736206055,-0.19202999770641327,0.9808149933815002,0.03355500102043152,192.19790649414062,-0.924344003200531,-0.19224999845027924,0.32958701252937317,37.29311752319336,0,0,0,1],"nextJoint":[53.128532,195.863312,31.009253],"prevJoint":[17.881624,188.532486,43.576981],"width":17.266953,"type":1},{"basis":[[-0.32412,-0.031481,-0.945492],[-0.078625,0.996885,-0.006239],[-0.942743,-0.072317,0.325586]],"center":[63.21192169189453,196.63681030273438,27.526853561401367],"matrix":[0.3241199851036072,0.031481001526117325,0.9454920291900635,63.21192169189453,-0.07862500101327896,0.9968850016593933,-0.006238999776542187,196.63681030273438,-0.9427430033683777,-0.07231699675321579,0.3255859911441803,27.526853561401367,0,0,0,1],"nextJoint":[73.295311,197.410294,24.044455],"prevJoint":[53.128532,195.863312,31.009253],"width":17.266953,"type":2},{"basis":[[-0.315347,-0.031752,-0.948445],[0.113882,0.990951,-0.071039],[-0.942118,0.130412,0.308878]],"center":[78.77398681640625,196.65191650390625,22.24824333190918],"matrix":[0.31534698605537415,0.031752001494169235,0.9484450221061707,78.77398681640625,0.11388199776411057,0.9909510016441345,-0.07103899866342545,196.65191650390625,-0.9421179890632629,0.1304119974374771,0.30887800455093384,22.24824333190918,0,0,0,1],"nextJoint":[84.25267,195.893524,20.452032],"prevJoint":[73.295311,197.410294,24.044455],"width":17.266953,"type":3}],"type":1,"extended":true,"toString":"Finger [ id:6511 52.088047mmx | width:17.266953mm | direction:0.942743,0.072317,-0.325586 ]","carpPosition":[-43.671005,196.1203,72.219498],"dipPosition":[73.295311,197.410294,24.044455],"mcpPosition":[17.881624,188.532486,43.576981],"pipPosition":[53.128532,195.863312,31.009253],"tipPosition":[84.25267,195.893524,20.452032],"length":52.088047,"timeVisible":2.003171,"width":17.266953},{"bones":[{"basis":[[-0.551371,-0.189951,-0.812348],[-0.007801,0.974866,-0.222657],[-0.834224,0.11643,0.538995]],"center":[-20.33435821533203,193.30117797851562,43.90383529663086],"matrix":[0.5513709783554077,0.18995100259780884,0.8123480081558228,-20.33435821533203,-0.007801000028848648,0.9748659729957581,-0.2226569950580597,193.30117797851562,-0.8342239856719971,0.11642999947071075,0.5389950275421143,43.90383529663086,0,0,0,1],"nextJoint":[6.687487,189.529831,26.444931],"prevJoint":[-47.356205,197.072525,61.362743],"width":16.958441,"type":0},{"basis":[[-0.552471,-0.189989,-0.811591],[-0.251077,0.966386,-0.055311],[-0.794819,-0.173214,0.581601]],"center":[23.5812931060791,193.2114715576172,14.083041191101074],"matrix":[0.5524709820747375,0.18998900055885315,0.8115910291671753,23.5812931060791,-0.25107699632644653,0.9663860201835632,-0.05531100183725357,193.2114715576172,-0.7948189973831177,-0.17321400344371796,0.5816010236740112,14.083041191101074,0,0,0,1],"nextJoint":[40.475098,196.893127,1.721151],"prevJoint":[6.687487,189.529831,26.444931],"width":16.958441,"type":1},{"basis":[[-0.543248,-0.188609,-0.818112],[-0.162515,0.979633,-0.117932],[-0.823693,-0.068889,0.562836]],"center":[50.76573944091797,197.75376892089844,-5.310523509979248],"matrix":[0.5432479977607727,0.18860900402069092,0.8181120157241821,50.76573944091797,-0.16251499950885773,0.9796329736709595,-0.11793199926614761,197.75376892089844,-0.8236929774284363,-0.06888899952173233,0.5628359913825989,-5.310523509979248,0,0,0,1],"nextJoint":[61.056381,198.614426,-12.342198],"prevJoint":[40.475098,196.893127,1.721151],"width":16.958441,"type":2},{"basis":[[-0.527198,-0.189039,-0.828448],[-0.003127,0.975365,-0.220574],[-0.849736,0.113696,0.514802]],"center":[66.4380111694336,197.8943634033203,-15.602590560913086],"matrix":[0.5271980166435242,0.18903900682926178,0.8284479975700378,66.4380111694336,-0.0031270000617951155,0.9753649830818176,-0.2205740064382553,197.8943634033203,-0.8497359752655029,0.11369600147008896,0.5148019790649414,-15.602590560913086,0,0,0,1],"nextJoint":[71.819641,197.174286,-18.862984],"prevJoint":[61.056381,198.614426,-12.342198],"width":16.958441,"type":3}],"type":2,"extended":true,"toString":"Finger [ id:6512 58.908096mmx | width:16.958441mm | direction:0.823693,0.068889,-0.562836 ]","carpPosition":[-47.356205,197.072525,61.362743],"dipPosition":[61.056381,198.614426,-12.342198],"mcpPosition":[6.687487,189.529831,26.444931],"pipPosition":[40.475098,196.893127,1.721151],"tipPosition":[71.819641,197.174286,-18.862984],"length":58.908096,"timeVisible":2.003171,"width":16.958441},{"bones":[{"basis":[[-0.665957,-0.243692,-0.705064],[-0.073763,0.962018,-0.262831],[-0.742334,0.123027,0.658638]],"center":[-30.9693603515625,190.64051818847656,32.69517135620117],"matrix":[0.665956974029541,0.24369199573993683,0.7050639986991882,-30.9693603515625,-0.07376299798488617,0.9620180130004883,-0.2628310024738312,190.64051818847656,-0.7423340082168579,0.12302699685096741,0.6586380004882812,32.69517135620117,0,0,0,1],"nextJoint":[-9.380608,187.062622,13.540487],"prevJoint":[-52.558113,194.218414,51.849854],"width":16.137032,"type":0},{"basis":[[-0.723633,-0.245224,-0.645151],[-0.289957,0.956275,-0.038253],[-0.626322,-0.159386,0.763097]],"center":[2.8274030685424805,190.16929626464844,-1.3334654569625854],"matrix":[0.7236329913139343,0.2452239990234375,0.6451510190963745,2.8274030685424805,-0.2899569869041443,0.9562749862670898,-0.038252998143434525,190.16929626464844,-0.6263219714164734,-0.15938599407672882,0.7630969882011414,-1.3334654569625854,0,0,0,1],"nextJoint":[15.035414,193.27597,-16.207418],"prevJoint":[-9.380608,187.062622,13.540487],"width":16.137032,"type":1},{"basis":[[-0.721115,-0.244816,-0.648119],[-0.215461,0.968343,-0.126048],[-0.65846,-0.048749,0.751035]],"center":[22.929468154907227,193.8603973388672,-25.211315155029297],"matrix":[0.721114993095398,0.24481600522994995,0.6481189727783203,22.929468154907227,-0.21546100080013275,0.9683430194854736,-0.1260479986667633,193.8603973388672,-0.6584600210189819,-0.04874899983406067,0.7510349750518799,-25.211315155029297,0,0,0,1],"nextJoint":[30.823523,194.444839,-34.215214],"prevJoint":[15.035414,193.27597,-16.207418],"width":16.137032,"type":2},{"basis":[[-0.717211,-0.245189,-0.652297],[-0.054746,0.952988,-0.298021],[-0.694702,0.178033,0.696917]],"center":[35.13893508911133,193.3389129638672,-38.54438018798828],"matrix":[0.7172110080718994,0.24518899619579315,0.6522970199584961,35.13893508911133,-0.05474599823355675,0.9529880285263062,-0.29802098870277405,193.3389129638672,-0.6947020292282104,0.1780329942703247,0.6969169974327087,-38.54438018798828,0,0,0,1],"nextJoint":[39.454346,192.233002,-42.873547],"prevJoint":[30.823523,194.444839,-34.215214],"width":16.137032,"type":3}],"type":3,"extended":true,"toString":"Finger [ id:6513 55.892651mmx | width:16.137032mm | direction:0.65846,0.048749,-0.751035 ]","carpPosition":[-52.558113,194.218414,51.849854],"dipPosition":[30.823523,194.444839,-34.215214],"mcpPosition":[-9.380608,187.062622,13.540487],"pipPosition":[15.035414,193.27597,-16.207418],"tipPosition":[39.454346,192.233002,-42.873547],"length":55.892651,"timeVisible":2.003171,"width":16.137032},{"bones":[{"basis":[[-0.725995,-0.383396,-0.570911],[-0.241738,0.919468,-0.310066],[-0.643813,0.087096,0.76021]],"center":[-42.65311050415039,183.7677764892578,24.10796356201172],"matrix":[0.7259950041770935,0.3833959996700287,0.5709109902381897,-42.65311050415039,-0.24173800647258759,0.9194679856300354,-0.31006601452827454,183.7677764892578,-0.6438130140304565,0.08709599822759628,0.7602099776268005,24.10796356201172,0,0,0,1],"nextJoint":[-25.32094,181.423065,3.642235],"prevJoint":[-59.985279,186.112503,44.573692],"width":14.334173,"type":0},{"basis":[[-0.878423,-0.386043,-0.281681],[-0.399352,0.916732,-0.010996],[-0.26247,-0.102831,0.959445]],"center":[-21.24740982055664,183.0189971923828,-11.24831485748291],"matrix":[0.8784229755401611,0.3860430121421814,0.28168100118637085,-21.24740982055664,-0.3993520140647888,0.9167320132255554,-0.010995999909937382,183.0189971923828,-0.262470006942749,-0.10283099859952927,0.9594449996948242,-11.24831485748291,0,0,0,1],"nextJoint":[-17.173878,184.614929,-26.138865],"prevJoint":[-25.32094,181.423065,3.642235],"width":14.334173,"type":1},{"basis":[[-0.881974,-0.386409,-0.269832],[-0.355208,0.921289,-0.158286],[-0.309756,0.043758,0.949809]],"center":[-14.548026084899902,184.24398803710938,-34.19054412841797],"matrix":[0.8819739818572998,0.3864090144634247,0.26983198523521423,-14.548026084899902,-0.35520800948143005,0.9212890267372131,-0.15828600525856018,184.24398803710938,-0.30975601077079773,0.043758001178503036,0.9498090147972107,-34.19054412841797,0,0,0,1],"nextJoint":[-11.922175,183.873047,-42.242226],"prevJoint":[-17.173878,184.614929,-26.138865],"width":14.334173,"type":2},{"basis":[[-0.891803,-0.38091,-0.244121],[-0.243251,0.858652,-0.45116],[-0.381466,0.342963,0.858405]],"center":[-9.718035697937012,181.89138793945312,-47.20215606689453],"matrix":[0.8918030261993408,0.3809100091457367,0.2441210001707077,-9.718035697937012,-0.2432509958744049,0.8586519956588745,-0.4511600136756897,181.89138793945312,-0.38146600127220154,0.34296301007270813,0.8584049940109253,-47.20215606689453,0,0,0,1],"nextJoint":[-7.513897,179.909714,-52.162083],"prevJoint":[-11.922175,183.873047,-42.242226],"width":14.334173,"type":3}],"type":4,"extended":true,"toString":"Finger [ id:6514 44.030426mmx | width:14.334173mm | direction:0.309756,-0.043758,-0.949809 ]","carpPosition":[-59.985279,186.112503,44.573692],"dipPosition":[-11.922175,183.873047,-42.242226],"mcpPosition":[-25.32094,181.423065,3.642235],"pipPosition":[-17.173878,184.614929,-26.138865],"tipPosition":[-7.513897,179.909714,-52.162083],"length":44.030426,"timeVisible":2.003171,"width":14.334173}]}],"id":1152373}]}