{"sensors":[{"dump":"Frame Info:<br/>Frame [ id:164700 | timestamp:10881470746 | Hand count:(1) | Pointable count:(5) | Gesture count:(0) ]<br/><br/>Hands:<br/>  Hand (right) [ id: 118 | palm velocity:-1.284457,-0.804473,-3.543187 | sphere center:undefined ] <br/><br/><br/>Pointables:<br/>  Finger [ id:1180 52.271461mmx | width:20.250189mm | direction:-0.708904,0.382852,-0.592351 ]<br/>  Finger [ id:1181 60.415432mmx | width:19.342981mm | direction:-0.217715,0.484272,-0.847397 ]<br/>  Finger [ id:1182 69.051903mmx | width:18.997377mm | direction:-0.106719,0.479527,-0.871014 ]<br/>  Finger [ id:1183 65.452477mmx | width:18.077209mm | direction:-0.004138,0.460483,-0.887659 ]<br/>  Finger [ id:1184 48.652874mmx | width:16.05759mm | direction:0.053203,0.380269,-0.923344 ]<br/><br/><br/>Gestures:<br/><br/><br/>Raw JSON:<br/>{\"currentFrameRate\":82.52713,\"devices\":[],\"hands\":[{\"armBasis\":[[0.993956,0.068004,0.086185],[-0.106218,0.794143,0.598376],[-0.027752,-0.603914,0.796566]],\"armWidth\":62.958138,\"confidence\":1,\"direction\":[-0.175851,0.709179,-0.682746],\"elbow\":[2.33087,-18.664551,372.749542],\"grabAngle\":0.285306,\"grabStrength\":0,\"id\":118,\"palmNormal\":[0.076902,-0.681537,-0.727731],\"palmPosition\":[-8.011561,184.380219,112.667938],\"palmVelocity\":[-1.284457,-0.804473,-3.543187],\"palmWidth\":87.422104,\"pinchDistance\":68.507935,\"pinchStrength\":0,\"timeVisible\":247.342407,\"type\":\"right\",\"wrist\":[9.53,137.998505,166.110046]}],\"id\":164700,\"pointables\":[{\"bases\":[[[0.291819,0.820593,0.491396],[-0.755595,-0.117221,0.644465],[0.586445,-0.559363,0.585828]],[[0.180072,0.905012,0.385392],[-0.7105,-0.151287,0.687242],[0.680267,-0.397574,0.615769]],[[0.173502,0.908703,0.379679],[-0.683632,-0.166382,0.710608],[0.708904,-0.382852,0.592351]],[[0.116433,0.931521,0.344545],[-0.450184,-0.259724,0.854329],[0.885312,-0.254581,0.389116]]],\"btipPosition\":[-90.101997,174.919815,89.083252],\"carpPosition\":[-15.143726,136.921585,147.82106],\"dipPosition\":[-74.161743,170.336029,96.089378],\"direction\":[-0.708904,0.382852,-0.592351],\"extended\":true,\"handId\":118,\"id\":1180,\"length\":52.271461,\"mcpPosition\":[-15.143726,136.921585,147.82106],\"pipPosition\":[-49.870296,157.217133,116.387016],\"timeVisible\":247.342407,\"tipPosition\":[-90.101997,174.919815,89.083252],\"type\":0,\"width\":20.250189},{\"bases\":[[[0.937951,0.296987,-0.179019],[-0.12621,0.773209,0.621466],[0.322986,-0.56031,0.762714]],[[0.95792,0.257375,-0.127074],[-0.118794,0.758497,0.640757],[0.2613,-0.598699,0.757154]],[[0.963645,0.244431,-0.107895],[-0.154879,0.84008,0.519882],[0.217715,-0.484272,0.847397]],[[0.967729,0.235462,-0.089768],[-0.178997,0.89305,0.412822],[0.177371,-0.383432,0.906377]]],\"btipPosition\":[-54.941639,243.256027,33.528038],\"carpPosition\":[-12.766557,159.998703,154.169098],\"dipPosition\":[-52.544853,238.074768,45.77578],\"direction\":[-0.217715,0.484272,-0.847397],\"extended\":true,\"handId\":118,\"id\":1181,\"length\":60.415432,\"mcpPosition\":[-35.596745,199.604095,100.256805],\"pipPosition\":[-47.144035,226.061554,66.796951],\"timeVisible\":247.342407,\"tipPosition\":[-54.941639,243.256027,33.528038],\"type\":1,\"width\":19.342981},{\"bases\":[[[0.980644,0.082362,-0.177632],[0.0413,0.799797,0.598848],[0.191392,-0.594593,0.780915]],[[0.991261,0.042018,-0.125043],[0.042885,0.793776,0.606696],[0.124748,-0.606757,0.785038]],[[0.993971,0.0293,-0.105654],[0.025143,0.877038,0.479763],[0.106719,-0.479527,0.871014]],[[0.995428,0.022952,-0.092711],[0.015717,0.918097,0.396045],[0.094208,-0.395691,0.913539]]],\"btipPosition\":[-25.749851,254.980408,21.467295],\"carpPosition\":[-2.188081,165.012527,151.971436],\"dipPosition\":[-24.346693,249.086884,35.073769],\"direction\":[-0.106719,0.479527,-0.871014],\"extended\":true,\"handId\":118,\"id\":1182,\"length\":69.051903,\"mcpPosition\":[-15.017507,204.869446,99.624947],\"pipPosition\":[-21.220135,235.038177,60.591862],\"timeVisible\":247.342407,\"tipPosition\":[-25.749851,254.980408,21.467295],\"type\":2,\"width\":18.997377},{\"bases\":[[[0.992198,-0.066563,-0.105412],[0.117338,0.784276,0.609215],[0.042121,-0.616831,0.785968]],[[0.992923,-0.105726,-0.054089],[0.117116,0.796248,0.593525],[-0.019683,-0.59566,0.802996]],[[0.992961,-0.103184,-0.058157],[0.118373,0.881651,0.456814],[0.004138,-0.460483,0.887659]],[[0.992938,-0.102311,-0.060049],[0.117378,0.920686,0.372236],[0.017203,-0.376656,0.926194]]],\"btipPosition\":[6.860327,248.446274,26.393946],\"carpPosition\":[8.865101,165.748779,148.728073],\"dipPosition\":[7.110946,242.958984,39.88715],\"direction\":[-0.004138,0.460483,-0.887659],\"extended\":true,\"handId\":118,\"id\":1183,\"length\":65.452477,\"mcpPosition\":[6.330077,202.872009,101.425583],\"pipPosition\":[7.227211,230.022156,64.825089],\"timeVisible\":247.342407,\"tipPosition\":[6.860327,248.446274,26.393946],\"type\":3,\"width\":18.077209},{\"bases\":[[[0.957287,-0.266171,-0.112938],[0.27349,0.706778,0.652433],[-0.093836,-0.655452,0.749384]],[[0.941304,-0.33641,-0.027851],[0.277344,0.723717,0.631913],[-0.192425,-0.602547,0.774538]],[[0.947855,-0.310197,-0.073136],[0.31423,0.871306,0.376943],[-0.053203,-0.380269,0.923344]],[[0.948142,-0.307756,-0.079455],[0.316287,0.888801,0.331655],[-0.031449,-0.339587,0.940049]]],\"btipPosition\":[33.622562,228.854462,46.932697],\"carpPosition\":[20.338093,160.065521,144.661636],\"dipPosition\":[33.220024,224.507904,58.964905],\"direction\":[0.053203,0.380269,-0.923344],\"extended\":true,\"handId\":118,\"id\":1184,\"length\":48.652874,\"mcpPosition\":[25.565857,196.581757,102.912315],\"pipPosition\":[32.234398,217.46315,76.070511],\"timeVisible\":247.342407,\"tipPosition\":[33.622562,228.854462,46.932697],\"type\":4,\"width\":16.05759}],\"timestamp\":10881470746}","toString":"Frame [ id:164700 | timestamp:10881470746 | Hand count:(1) | Pointable count:(5) | Gesture count:(0) ]","hands":[{"palmPosition":[-8.011561,184.380219,112.667938],"grabStrength":0,"confidence":1,"direction":[-0.175851,0.709179,-0.682746],"palmNormal":[0.076902,-0.681537,-0.727731],"palmVelocity":[-1.284457,-0.804473,-3.543187],"pinchStrength":0,"type":"right","toString":"Hand (right) [ id: 118 | palm velocity:-1.284457,-0.804473,-3.543187 | sphere center:undefined ] ","roll":0.11236088261863826,"pitch":0.8043861283962087,"yaw":-0.25208524201145166,"arm":{"basis":[[0.993956,0.068004,0.086185],[-0.106218,0.794143,0.598376],[-0.027752,-0.603914,0.796566]],"width":62.958138,"center":[5.9304351806640625,59.66697692871094,269.4297790527344],"matrix":[0.9939560294151306,0.06800399720668793,0.08618500083684921,5.9304351806640625,-0.10621800273656845,0.79414302110672,0.5983759760856628,59.66697692871094,-0.027752000838518143,-0.6039140224456787,0.7965660095214844,269.4297790527344,0,0,0,1],"nextJoint":[9.53,137.998505,166.110046],"prevJoint":[2.33087,-18.664551,372.749542],"type":4},"fingers":[{"bones":[{"basis":[[0.291819,0.820593,0.491396],[-0.755595,-0.117221,0.644465],[0.586445,-0.559363,0.585828]],"center":[-15.143726348876953,136.9215850830078,147.82106018066406],"matrix":[0.2918190062046051,0.820592999458313,0.4913960099220276,-15.143726348876953,-0.7555950284004211,-0.11722099781036377,0.6444650292396545,136.9215850830078,0.5864449739456177,-0.5593630075454712,0.5858280062675476,147.82106018066406,0,0,0,1],"nextJoint":[-15.143726,136.921585,147.82106],"prevJoint":[-15.143726,136.921585,147.82106],"width":20.250189,"type":0},{"basis":[[0.180072,0.905012,0.385392],[-0.7105,-0.151287,0.687242],[0.680267,-0.397574,0.615769]],"center":[-32.50701141357422,147.06936645507812,132.10403442382812],"matrix":[0.18007199466228485,0.9050120115280151,0.3853920102119446,-32.50701141357422,-0.7105000019073486,-0.1512870043516159,0.6872419714927673,147.06936645507812,0.6802669763565063,-0.3975740075111389,0.6157690286636353,132.10403442382812,0,0,0,1],"nextJoint":[-49.870296,157.217133,116.387016],"prevJoint":[-15.143726,136.921585,147.82106],"width":20.250189,"type":1},{"basis":[[0.173502,0.908703,0.379679],[-0.683632,-0.166382,0.710608],[0.708904,-0.382852,0.592351]],"center":[-62.01601791381836,163.77658081054688,106.23819732666016],"matrix":[0.17350199818611145,0.9087030291557312,0.37967899441719055,-62.01601791381836,-0.6836320161819458,-0.16638199985027313,0.7106080055236816,163.77658081054688,0.7089040279388428,-0.3828519880771637,0.5923510193824768,106.23819732666016,0,0,0,1],"nextJoint":[-74.161743,170.336029,96.089378],"prevJoint":[-49.870296,157.217133,116.387016],"width":20.250189,"type":2},{"basis":[[0.116433,0.931521,0.344545],[-0.450184,-0.259724,0.854329],[0.885312,-0.254581,0.389116]],"center":[-82.13186645507812,172.62791442871094,92.58631134033203],"matrix":[0.11643300205469131,0.9315209984779358,0.34454500675201416,-82.13186645507812,-0.4501839876174927,-0.2597239911556244,0.854328989982605,172.62791442871094,0.885312020778656,-0.2545810043811798,0.38911598920822144,92.58631134033203,0,0,0,1],"nextJoint":[-90.101997,174.919815,89.083252],"prevJoint":[-74.161743,170.336029,96.089378],"width":20.250189,"type":3}],"type":0,"extended":true,"toString":"Finger [ id:1180 52.271461mmx | width:20.250189mm | direction:-0.708904,0.382852,-0.592351 ]","carpPosition":[-15.143726,136.921585,147.82106],"dipPosition":[-74.161743,170.336029,96.089378],"mcpPosition":[-15.143726,136.921585,147.82106],"pipPosition":[-49.870296,157.217133,116.387016],"tipPosition":[-90.101997,174.919815,89.083252],"length":52.271461,"timeVisible":247.342407,"width":20.250189},{"bones":[{"basis":[[0.937951,0.296987,-0.179019],[-0.12621,0.773209,0.621466],[0.322986,-0.56031,0.762714]],"center":[-24.181650161743164,179.8013916015625,127.21295166015625],"matrix":[0.9379510283470154,0.29698699712753296,-0.1790190041065216,-24.181650161743164,-0.12621000409126282,0.7732089757919312,0.6214659810066223,179.8013916015625,0.32298600673675537,-0.5603100061416626,0.7627140283584595,127.21295166015625,0,0,0,1],"nextJoint":[-35.596745,199.604095,100.256805],"prevJoint":[-12.766557,159.998703,154.169098],"width":19.342981,"type":0},{"basis":[[0.95792,0.257375,-0.127074],[-0.118794,0.758497,0.640757],[0.2613,-0.598699,0.757154]],"center":[-41.370391845703125,212.83282470703125,83.5268783569336],"matrix":[0.9579200148582458,0.25737500190734863,-0.1270740032196045,-41.370391845703125,-0.11879400163888931,0.7584969997406006,0.6407570242881775,212.83282470703125,0.2612999975681305,-0.5986989736557007,0.7571539878845215,83.5268783569336,0,0,0,1],"nextJoint":[-47.144035,226.061554,66.796951],"prevJoint":[-35.596745,199.604095,100.256805],"width":19.342981,"type":1},{"basis":[[0.963645,0.244431,-0.107895],[-0.154879,0.84008,0.519882],[0.217715,-0.484272,0.847397]],"center":[-49.844444274902344,232.0681610107422,56.2863655090332],"matrix":[0.9636449813842773,0.2444310039281845,-0.10789500176906586,-49.844444274902344,-0.15487900376319885,0.8400800228118896,0.5198820233345032,232.0681610107422,0.21771499514579773,-0.4842720031738281,0.8473970293998718,56.2863655090332,0,0,0,1],"nextJoint":[-52.544853,238.074768,45.77578],"prevJoint":[-47.144035,226.061554,66.796951],"width":19.342981,"type":2},{"basis":[[0.967729,0.235462,-0.089768],[-0.178997,0.89305,0.412822],[0.177371,-0.383432,0.906377]],"center":[-53.74324417114258,240.66539001464844,39.65190887451172],"matrix":[0.9677289724349976,0.2354619950056076,-0.08976799994707108,-53.74324417114258,-0.1789969950914383,0.8930500149726868,0.41282200813293457,240.66539001464844,0.17737099528312683,-0.383432000875473,0.9063770174980164,39.65190887451172,0,0,0,1],"nextJoint":[-54.941639,243.256027,33.528038],"prevJoint":[-52.544853,238.074768,45.77578],"width":19.342981,"type":3}],"type":1,"extended":true,"toString":"Finger [ id:1181 60.415432mmx | width:19.342981mm | direction:-0.217715,0.484272,-0.847397 ]","carpPosition":[-12.766557,159.998703,154.169098],"dipPosition":[-52.544853,238.074768,45.77578],"mcpPosition":[-35.596745,199.604095,100.256805],"pipPosition":[-47.144035,226.061554,66.796951],"tipPosition":[-54.941639,243.256027,33.528038],"length":60.415432,"timeVisible":247.342407,"width":19.342981},{"bones":[{"basis":[[0.980644,0.082362,-0.177632],[0.0413,0.799797,0.598848],[0.191392,-0.594593,0.780915]],"center":[-8.60279369354248,184.94097900390625,125.7981948852539],"matrix":[0.9806439876556396,0.08236200362443924,-0.17763200402259827,-8.60279369354248,0.04129999876022339,0.799796998500824,0.5988479852676392,184.94097900390625,0.19139200448989868,-0.5945929884910583,0.7809150218963623,125.7981948852539,0,0,0,1],"nextJoint":[-15.017507,204.869446,99.624947],"prevJoint":[-2.188081,165.012527,151.971436],"width":18.997377,"type":0},{"basis":[[0.991261,0.042018,-0.125043],[0.042885,0.793776,0.606696],[0.124748,-0.606757,0.785038]],"center":[-18.118820190429688,219.9538116455078,80.10840606689453],"matrix":[0.9912610054016113,0.04201800003647804,-0.12504300475120544,-18.118820190429688,0.04288500174880028,0.7937759757041931,0.6066960096359253,219.9538116455078,0.12474799901247025,-0.6067569851875305,0.7850379943847656,80.10840606689453,0,0,0,1],"nextJoint":[-21.220135,235.038177,60.591862],"prevJoint":[-15.017507,204.869446,99.624947],"width":18.997377,"type":1},{"basis":[[0.993971,0.0293,-0.105654],[0.025143,0.877038,0.479763],[0.106719,-0.479527,0.871014]],"center":[-22.783414840698242,242.06253051757812,47.83281707763672],"matrix":[0.9939709901809692,0.02930000051856041,-0.10565400123596191,-22.783414840698242,0.02514299936592579,0.8770380020141602,0.479763001203537,242.06253051757812,0.1067190021276474,-0.47952699661254883,0.8710139989852905,47.83281707763672,0,0,0,1],"nextJoint":[-24.346693,249.086884,35.073769],"prevJoint":[-21.220135,235.038177,60.591862],"width":18.997377,"type":2},{"basis":[[0.995428,0.022952,-0.092711],[0.015717,0.918097,0.396045],[0.094208,-0.395691,0.913539]],"center":[-25.04827117919922,252.0336456298828,28.270532608032227],"matrix":[0.9954280257225037,0.022951999679207802,-0.09271100163459778,-25.04827117919922,0.015716999769210815,0.9180970191955566,0.3960449993610382,252.0336456298828,0.0942080020904541,-0.39569100737571716,0.9135389924049377,28.270532608032227,0,0,0,1],"nextJoint":[-25.749851,254.980408,21.467295],"prevJoint":[-24.346693,249.086884,35.073769],"width":18.997377,"type":3}],"type":2,"extended":true,"toString":"Finger [ id:1182 69.051903mmx | width:18.997377mm | direction:-0.106719,0.479527,-0.871014 ]","carpPosition":[-2.188081,165.012527,151.971436],"dipPosition":[-24.346693,249.086884,35.073769],"mcpPosition":[-15.017507,204.869446,99.624947],"pipPosition":[-21.220135,235.038177,60.591862],"tipPosition":[-25.749851,254.980408,21.467295],"length":69.051903,"timeVisible":247.342407,"width":18.997377},{"bones":[{"basis":[[0.992198,-0.066563,-0.105412],[0.117338,0.784276,0.609215],[0.042121,-0.616831,0.785968]],"center":[7.597589015960693,184.31039428710938,125.07682800292969],"matrix":[0.9921979904174805,-0.06656300276517868,-0.10541199892759323,7.597589015960693,0.11733800172805786,0.784276008605957,0.6092150211334229,184.31039428710938,0.042121000587940216,-0.6168310046195984,0.785968005657196,125.07682800292969,0,0,0,1],"nextJoint":[6.330077,202.872009,101.425583],"prevJoint":[8.865101,165.748779,148.728073],"width":18.077209,"type":0},{"basis":[[0.992923,-0.105726,-0.054089],[0.117116,0.796248,0.593525],[-0.019683,-0.59566,0.802996]],"center":[6.77864408493042,216.44708251953125,83.12533569335938],"matrix":[0.9929230213165283,-0.10572600364685059,-0.05408899858593941,6.77864408493042,0.11711599677801132,0.7962480187416077,0.5935249924659729,216.44708251953125,-0.019682999700307846,-0.5956599712371826,0.8029959797859192,83.12533569335938,0,0,0,1],"nextJoint":[7.227211,230.022156,64.825089],"prevJoint":[6.330077,202.872009,101.425583],"width":18.077209,"type":1},{"basis":[[0.992961,-0.103184,-0.058157],[0.118373,0.881651,0.456814],[0.004138,-0.460483,0.887659]],"center":[7.169078350067139,236.49057006835938,52.35612106323242],"matrix":[0.9929609894752502,-0.10318399965763092,-0.058157000690698624,7.169078350067139,0.11837299913167953,0.881650984287262,0.4568139910697937,236.49057006835938,0.004137999843806028,-0.46048301458358765,0.8876590132713318,52.35612106323242,0,0,0,1],"nextJoint":[7.110946,242.958984,39.88715],"prevJoint":[7.227211,230.022156,64.825089],"width":18.077209,"type":2},{"basis":[[0.992938,-0.102311,-0.060049],[0.117378,0.920686,0.372236],[0.017203,-0.376656,0.926194]],"center":[6.9856367111206055,245.70262145996094,33.14054870605469],"matrix":[0.9929379820823669,-0.10231100022792816,-0.06004900112748146,6.9856367111206055,0.11737799644470215,0.9206860065460205,0.3722360134124756,245.70262145996094,0.01720299944281578,-0.3766559958457947,0.9261940121650696,33.14054870605469,0,0,0,1],"nextJoint":[6.860327,248.446274,26.393946],"prevJoint":[7.110946,242.958984,39.88715],"width":18.077209,"type":3}],"type":3,"extended":true,"toString":"Finger [ id:1183 65.452477mmx | width:18.077209mm | direction:-0.004138,0.460483,-0.887659 ]","carpPosition":[8.865101,165.748779,148.728073],"dipPosition":[7.110946,242.958984,39.88715],"mcpPosition":[6.330077,202.872009,101.425583],"pipPosition":[7.227211,230.022156,64.825089],"tipPosition":[6.860327,248.446274,26.393946],"length":65.452477,"timeVisible":247.342407,"width":18.077209},{"bones":[{"basis":[[0.957287,-0.266171,-0.112938],[0.27349,0.706778,0.652433],[-0.093836,-0.655452,0.749384]],"center":[22.951974868774414,178.32363891601562,123.78697204589844],"matrix":[0.9572870135307312,-0.26617100834846497,-0.11293800175189972,22.951974868774414,0.2734900116920471,0.7067779898643494,0.6524329781532288,178.32363891601562,-0.09383600205183029,-0.6554520130157471,0.7493839859962463,123.78697204589844,0,0,0,1],"nextJoint":[25.565857,196.581757,102.912315],"prevJoint":[20.338093,160.065521,144.661636],"width":16.05759,"type":0},{"basis":[[0.941304,-0.33641,-0.027851],[0.277344,0.723717,0.631913],[-0.192425,-0.602547,0.774538]],"center":[28.900127410888672,207.0224609375,89.49140930175781],"matrix":[0.9413040280342102,-0.3364099860191345,-0.027851000428199768,28.900127410888672,0.2773439884185791,0.7237169742584229,0.6319130063056946,207.0224609375,-0.19242499768733978,-0.6025469899177551,0.774537980556488,89.49140930175781,0,0,0,1],"nextJoint":[32.234398,217.46315,76.070511],"prevJoint":[25.565857,196.581757,102.912315],"width":16.05759,"type":1},{"basis":[[0.947855,-0.310197,-0.073136],[0.31423,0.871306,0.376943],[-0.053203,-0.380269,0.923344]],"center":[32.727210998535156,220.9855194091797,67.51770782470703],"matrix":[0.9478549957275391,-0.31019699573516846,-0.07313600182533264,32.727210998535156,0.3142299950122833,0.8713060021400452,0.3769429922103882,220.9855194091797,-0.053203001618385315,-0.38026899099349976,0.9233440160751343,67.51770782470703,0,0,0,1],"nextJoint":[33.220024,224.507904,58.964905],"prevJoint":[32.234398,217.46315,76.070511],"width":16.05759,"type":2},{"basis":[[0.948142,-0.307756,-0.079455],[0.316287,0.888801,0.331655],[-0.031449,-0.339587,0.940049]],"center":[33.42129135131836,226.68118286132812,52.94879913330078],"matrix":[0.9481419920921326,-0.3077560067176819,-0.07945500314235687,33.42129135131836,0.31628701090812683,0.8888009786605835,0.33165499567985535,226.68118286132812,-0.03144900128245354,-0.33958700299263,0.9400489926338196,52.94879913330078,0,0,0,1],"nextJoint":[33.622562,228.854462,46.932697],"prevJoint":[33.220024,224.507904,58.964905],"width":16.05759,"type":3}],"type":4,"extended":true,"toString":"Finger [ id:1184 48.652874mmx | width:16.05759mm | direction:0.053203,0.380269,-0.923344 ]","carpPosition":[20.338093,160.065521,144.661636],"dipPosition":[33.220024,224.507904,58.964905],"mcpPosition":[25.565857,196.581757,102.912315],"pipPosition":[32.234398,217.46315,76.070511],"tipPosition":[33.622562,228.854462,46.932697],"length":48.652874,"timeVisible":247.342407,"width":16.05759}]}],"id":164700},{"dump":"Frame Info:<br/>Frame [ id:67308 | timestamp:5608888847 | Hand count:(1) | Pointable count:(5) | Gesture count:(0) ]<br/><br/>Hands:<br/>  Hand (left) [ id: 48 | palm velocity:-4.921443,11.481499,6.312754 | sphere center:undefined ] <br/><br/><br/>Pointables:<br/>  Finger [ id:480 51.069645mmx | width:18.37347mm | direction:0.32373,0.818236,-0.475066 ]<br/>  Finger [ id:481 58.354137mmx | width:17.550341mm | direction:0.181039,0.399953,-0.898478 ]<br/>  Finger [ id:482 66.006866mmx | width:17.236765mm | direction:-0.08796,0.476341,-0.87485 ]<br/>  Finger [ id:483 63.523582mmx | width:16.401875mm | direction:-0.340742,0.459897,-0.819994 ]<br/>  Finger [ id:484 49.556202mmx | width:14.569427mm | direction:-0.606757,0.289547,-0.740276 ]<br/><br/><br/>Gestures:<br/><br/><br/>Raw JSON:<br/>{\"currentFrameRate\":35.627045,\"devices\":[],\"hands\":[{\"armBasis\":[[-0.903342,-0.3859,-0.187227],[-0.426624,0.763273,0.485188],[0.044329,-0.518166,0.854131]],\"armWidth\":58.235588,\"confidence\":1,\"direction\":[-0.208451,0.66479,-0.717358],\"elbow\":[35.659885,2.831554,357.715027],\"grabAngle\":0.260175,\"grabStrength\":0,\"id\":48,\"palmNormal\":[0.386985,-0.617549,-0.684745],\"palmPosition\":[19.440601,178.612869,89.759842],\"palmVelocity\":[-4.921443,11.481499,6.312754],\"palmWidth\":84.525826,\"pinchDistance\":62.471256,\"pinchStrength\":0,\"timeVisible\":207.212967,\"type\":\"left\",\"wrist\":[24.541428,132.797134,143.483292]}],\"id\":67308,\"pointables\":[{\"bases\":[[[-0.748245,0.51293,0.420752],[0.631164,0.355022,0.689631],[-0.204356,-0.781577,0.589386]],[[-0.734081,0.552827,0.394343],[0.575517,0.198269,0.793391],[-0.360423,-0.809365,0.463707]],[[-0.743444,0.530553,0.40719],[0.585226,0.221366,0.780069],[-0.32373,-0.818236,0.475066]],[[-0.611977,0.714821,0.338402],[0.284244,-0.200496,0.937553],[-0.738031,-0.66995,0.080485]]],\"btipPosition\":[90.447891,224.746063,86.263107],\"carpPosition\":[48.798683,145.623413,126.442299],\"dipPosition\":[77.402596,212.90416,87.685745],\"direction\":[0.32373,0.818236,-0.475066],\"extended\":true,\"handId\":48,\"id\":480,\"length\":51.069645,\"mcpPosition\":[48.798683,145.623413,126.442299],\"pipPosition\":[66.592018,185.580109,103.550034],\"timeVisible\":207.212967,\"tipPosition\":[90.447891,224.746063,86.263107],\"type\":0,\"width\":18.37347},{\"bases\":[[[-0.920463,-0.302756,-0.247156],[-0.390815,0.718401,0.575468],[-0.003331,-0.62629,0.779583]],[[-0.918977,-0.273346,-0.284188],[-0.389801,0.738466,0.550203],[-0.059467,-0.616401,0.785184]],[[-0.916482,-0.262804,-0.301653],[-0.35677,0.87805,0.318972],[-0.181039,-0.399953,0.898478]],[[-0.913706,-0.258706,-0.313389],[-0.317901,0.935425,0.154658],[-0.253141,-0.240938,0.936946]]],\"btipPosition\":[43.79644,244.775986,11.070544],\"carpPosition\":[33.385624,162.962433,131.60231],\"dipPosition\":[40.48777,241.626816,23.316856],\"direction\":[0.181039,0.399953,-0.898478],\"extended\":true,\"handId\":48,\"id\":481,\"length\":58.354137,\"mcpPosition\":[33.613285,205.764954,78.323227],\"pipPosition\":[36.148132,232.039658,44.853981],\"timeVisible\":207.212967,\"tipPosition\":[43.79644,244.775986,11.070544],\"type\":1,\"width\":17.550341},{\"bases\":[[[-0.832249,-0.502591,-0.234017],[-0.540782,0.64295,0.542375],[0.122131,-0.577943,0.806886]],[[-0.831863,-0.50414,-0.232049],[-0.524186,0.576383,0.626906],[0.182299,-0.643137,0.743735]],[[-0.826927,-0.524587,-0.202487],[-0.555388,0.705626,0.440042],[0.08796,-0.476341,0.87485]],[[-0.825704,-0.533062,-0.184547],[-0.563029,0.758601,0.327907],[0.034797,-0.37466,0.926509]]],\"btipPosition\":[3.014659,247.48732,3.485229],\"carpPosition\":[22.548157,160.802719,128.812119],\"dipPosition\":[3.510648,242.146973,16.691568],\"direction\":[-0.08796,0.476341,-0.87485],\"extended\":true,\"handId\":48,\"id\":482,\"length\":66.006866,\"mcpPosition\":[14.632664,198.260071,76.516609],\"pipPosition\":[5.973917,228.807373,41.191139],\"timeVisible\":207.212967,\"tipPosition\":[3.014659,247.48732,3.485229],\"type\":2,\"width\":17.236765},{\"bases\":[[[-0.762055,-0.62919,-0.152943],[-0.594692,0.586648,0.549714],[0.256152,-0.509867,0.821232]],[[-0.737321,-0.66825,-0.098988],[-0.516661,0.463419,0.719933],[0.435223,-0.581966,0.686948]],[[-0.727489,-0.681452,-0.079893],[-0.595529,0.569313,0.566769],[0.340742,-0.459897,0.819994]],[[-0.720177,-0.691377,-0.05782],[-0.652867,0.647141,0.393667],[0.234755,-0.321259,0.917433]]],\"btipPosition\":[-33.088882,227.708527,11.426485],\"carpPosition\":[13.629008,155.280029,124.892128],\"dipPosition\":[-29.755239,223.146484,24.454521],\"direction\":[-0.340742,0.459897,-0.819994],\"extended\":true,\"handId\":48,\"id\":483,\"length\":63.523582,\"mcpPosition\":[-1.27642,184.949097,77.104713],\"pipPosition\":[-20.457285,210.597107,46.829994],\"timeVisible\":207.212967,\"tipPosition\":[-33.088882,227.708527,11.426485],\"type\":3,\"width\":16.401875},{\"bases\":[[[-0.618481,-0.772197,-0.145578],[-0.680997,0.434278,0.589614],[0.392077,-0.463803,0.794457]],[[-0.488449,-0.87244,0.016324],[-0.50186,0.29618,0.812659],[0.71383,-0.38875,0.582511]],[[-0.467291,-0.883307,0.037517],[-0.643028,0.368688,0.671256],[0.606757,-0.289547,0.740276]],[[-0.447791,-0.891638,0.06682],[-0.764026,0.420381,0.489432],[0.464486,-0.168111,0.869477]]],\"btipPosition\":[-55.538311,190.49115,31.372227],\"carpPosition\":[8.079661,144.251816,119.929337],\"dipPosition\":[-49.477459,188.297546,42.717609],\"direction\":[-0.606757,0.289547,-0.740276],\"extended\":true,\"handId\":48,\"id\":484,\"length\":49.556202,\"mcpPosition\":[-13.039865,169.23494,77.135292],\"pipPosition\":[-37.885624,182.765869,56.86026],\"timeVisible\":207.212967,\"tipPosition\":[-55.538311,190.49115,31.372227],\"type\":4,\"width\":14.569427}],\"timestamp\":5608888847}","toString":"Frame [ id:67308 | timestamp:5608888847 | Hand count:(1) | Pointable count:(5) | Gesture count:(0) ]","hands":[{"palmPosition":[19.440601,178.612869,89.759842],"grabStrength":0,"confidence":1,"direction":[-0.208451,0.66479,-0.717358],"palmNormal":[0.386985,-0.617549,-0.684745],"palmVelocity":[-4.921443,11.481499,6.312754],"pinchStrength":0,"type":"left","toString":"Hand (left) [ id: 48 | palm velocity:-4.921443,11.481499,6.312754 | sphere center:undefined ] ","roll":0.559782532961551,"pitch":0.7473829330873318,"yaw":-0.2827937748298512,"arm":{"basis":[[-0.903342,-0.3859,-0.187227],[-0.426624,0.763273,0.485188],[0.044329,-0.518166,0.854131]],"width":58.235588,"center":[30.100656509399414,67.81434631347656,250.5991668701172],"matrix":[0.9033420085906982,0.38589999079704285,0.18722699582576752,30.100656509399414,-0.42662400007247925,0.7632730007171631,0.48518800735473633,67.81434631347656,0.044328998774290085,-0.5181660056114197,0.8541309833526611,250.5991668701172,0,0,0,1],"nextJoint":[24.541428,132.797134,143.483292],"prevJoint":[35.659885,2.831554,357.715027],"type":4},"fingers":[{"bones":[{"basis":[[-0.748245,0.51293,0.420752],[0.631164,0.355022,0.689631],[-0.204356,-0.781577,0.589386]],"center":[48.798683166503906,145.6234130859375,126.44229888916016],"matrix":[0.7482450008392334,-0.5129299759864807,-0.42075198888778687,48.798683166503906,0.631164014339447,0.35502201318740845,0.6896309852600098,145.6234130859375,-0.20435599982738495,-0.7815769910812378,0.589385986328125,126.44229888916016,0,0,0,1],"nextJoint":[48.798683,145.623413,126.442299],"prevJoint":[48.798683,145.623413,126.442299],"width":18.37347,"type":0},{"basis":[[-0.734081,0.552827,0.394343],[0.575517,0.198269,0.793391],[-0.360423,-0.809365,0.463707]],"center":[57.695350646972656,165.6017608642578,114.99617004394531],"matrix":[0.734080970287323,-0.552827000617981,-0.39434298872947693,57.695350646972656,0.5755169987678528,0.19826899468898773,0.7933909893035889,165.6017608642578,-0.3604229986667633,-0.8093649744987488,0.46370700001716614,114.99617004394531,0,0,0,1],"nextJoint":[66.592018,185.580109,103.550034],"prevJoint":[48.798683,145.623413,126.442299],"width":18.37347,"type":1},{"basis":[[-0.743444,0.530553,0.40719],[0.585226,0.221366,0.780069],[-0.32373,-0.818236,0.475066]],"center":[71.99730682373047,199.2421417236328,95.61788940429688],"matrix":[0.74344402551651,-0.5305529832839966,-0.4071899950504303,71.99730682373047,0.5852259993553162,0.2213660031557083,0.7800689935684204,199.2421417236328,-0.3237299919128418,-0.8182359933853149,0.47506600618362427,95.61788940429688,0,0,0,1],"nextJoint":[77.402596,212.90416,87.685745],"prevJoint":[66.592018,185.580109,103.550034],"width":18.37347,"type":2},{"basis":[[-0.611977,0.714821,0.338402],[0.284244,-0.200496,0.937553],[-0.738031,-0.66995,0.080485]],"center":[83.92524719238281,218.8251190185547,86.97442626953125],"matrix":[0.6119769811630249,-0.7148209810256958,-0.33840200304985046,83.92524719238281,0.28424400091171265,-0.20049600303173065,0.9375529885292053,218.8251190185547,-0.7380310297012329,-0.669950008392334,0.08048500120639801,86.97442626953125,0,0,0,1],"nextJoint":[90.447891,224.746063,86.263107],"prevJoint":[77.402596,212.90416,87.685745],"width":18.37347,"type":3}],"type":0,"extended":true,"toString":"Finger [ id:480 51.069645mmx | width:18.37347mm | direction:0.32373,0.818236,-0.475066 ]","carpPosition":[48.798683,145.623413,126.442299],"dipPosition":[77.402596,212.90416,87.685745],"mcpPosition":[48.798683,145.623413,126.442299],"pipPosition":[66.592018,185.580109,103.550034],"tipPosition":[90.447891,224.746063,86.263107],"length":51.069645,"timeVisible":207.212967,"width":18.37347},{"bones":[{"basis":[[-0.920463,-0.302756,-0.247156],[-0.390815,0.718401,0.575468],[-0.003331,-0.62629,0.779583]],"center":[33.499454498291016,184.3636932373047,104.9627685546875],"matrix":[0.9204630255699158,0.30275601148605347,0.24715599417686462,33.499454498291016,-0.39081498980522156,0.7184010148048401,0.5754680037498474,184.3636932373047,-0.0033309999853372574,-0.6262900233268738,0.7795829772949219,104.9627685546875,0,0,0,1],"nextJoint":[33.613285,205.764954,78.323227],"prevJoint":[33.385624,162.962433,131.60231],"width":17.550341,"type":0},{"basis":[[-0.918977,-0.273346,-0.284188],[-0.389801,0.738466,0.550203],[-0.059467,-0.616401,0.785184]],"center":[34.880706787109375,218.90231323242188,61.58860397338867],"matrix":[0.9189770221710205,0.2733460068702698,0.28418800234794617,34.880706787109375,-0.3898009955883026,0.7384660243988037,0.5502030253410339,218.90231323242188,-0.059466999024152756,-0.6164010167121887,0.7851840257644653,61.58860397338867,0,0,0,1],"nextJoint":[36.148132,232.039658,44.853981],"prevJoint":[33.613285,205.764954,78.323227],"width":17.550341,"type":1},{"basis":[[-0.916482,-0.262804,-0.301653],[-0.35677,0.87805,0.318972],[-0.181039,-0.399953,0.898478]],"center":[38.31795120239258,236.83323669433594,34.085418701171875],"matrix":[0.9164819717407227,0.2628040015697479,0.3016529977321625,38.31795120239258,-0.35677000880241394,0.8780500292778015,0.31897199153900146,236.83323669433594,-0.1810390055179596,-0.3999530076980591,0.8984779715538025,34.085418701171875,0,0,0,1],"nextJoint":[40.48777,241.626816,23.316856],"prevJoint":[36.148132,232.039658,44.853981],"width":17.550341,"type":2},{"basis":[[-0.913706,-0.258706,-0.313389],[-0.317901,0.935425,0.154658],[-0.253141,-0.240938,0.936946]],"center":[42.14210510253906,243.20140075683594,17.193700790405273],"matrix":[0.9137060046195984,0.2587060034275055,0.31338900327682495,42.14210510253906,-0.31790098547935486,0.9354249835014343,0.1546580046415329,243.20140075683594,-0.25314098596572876,-0.2409379929304123,0.9369459748268127,17.193700790405273,0,0,0,1],"nextJoint":[43.79644,244.775986,11.070544],"prevJoint":[40.48777,241.626816,23.316856],"width":17.550341,"type":3}],"type":1,"extended":true,"toString":"Finger [ id:481 58.354137mmx | width:17.550341mm | direction:0.181039,0.399953,-0.898478 ]","carpPosition":[33.385624,162.962433,131.60231],"dipPosition":[40.48777,241.626816,23.316856],"mcpPosition":[33.613285,205.764954,78.323227],"pipPosition":[36.148132,232.039658,44.853981],"tipPosition":[43.79644,244.775986,11.070544],"length":58.354137,"timeVisible":207.212967,"width":17.550341},{"bones":[{"basis":[[-0.832249,-0.502591,-0.234017],[-0.540782,0.64295,0.542375],[0.122131,-0.577943,0.806886]],"center":[18.590410232543945,179.53140258789062,102.66436767578125],"matrix":[0.8322489857673645,0.5025910139083862,0.2340169996023178,18.590410232543945,-0.5407819747924805,0.6429499983787537,0.5423750281333923,179.53140258789062,0.12213099747896194,-0.5779430270195007,0.8068860173225403,102.66436767578125,0,0,0,1],"nextJoint":[14.632664,198.260071,76.516609],"prevJoint":[22.548157,160.802719,128.812119],"width":17.236765,"type":0},{"basis":[[-0.831863,-0.50414,-0.232049],[-0.524186,0.576383,0.626906],[0.182299,-0.643137,0.743735]],"center":[10.303290367126465,213.53372192382812,58.85387420654297],"matrix":[0.8318629860877991,0.5041400194168091,0.23204900324344635,10.303290367126465,-0.5241860151290894,0.5763829946517944,0.6269059777259827,213.53372192382812,0.18229900300502777,-0.6431369781494141,0.7437350153923035,58.85387420654297,0,0,0,1],"nextJoint":[5.973917,228.807373,41.191139],"prevJoint":[14.632664,198.260071,76.516609],"width":17.236765,"type":1},{"basis":[[-0.826927,-0.524587,-0.202487],[-0.555388,0.705626,0.440042],[0.08796,-0.476341,0.87485]],"center":[4.742282390594482,235.4771728515625,28.94135284423828],"matrix":[0.8269270062446594,0.5245869755744934,0.2024870067834854,4.742282390594482,-0.5553879737854004,0.7056260108947754,0.44004198908805847,235.4771728515625,0.08795999735593796,-0.47634100914001465,0.8748499751091003,28.94135284423828,0,0,0,1],"nextJoint":[3.510648,242.146973,16.691568],"prevJoint":[5.973917,228.807373,41.191139],"width":17.236765,"type":2},{"basis":[[-0.825704,-0.533062,-0.184547],[-0.563029,0.758601,0.327907],[0.034797,-0.37466,0.926509]],"center":[3.2626535892486572,244.81715393066406,10.088398933410645],"matrix":[0.8257039785385132,0.5330619812011719,0.18454700708389282,3.2626535892486572,-0.5630289912223816,0.7586010098457336,0.327906996011734,244.81715393066406,0.034797001630067825,-0.3746599853038788,0.9265090227127075,10.088398933410645,0,0,0,1],"nextJoint":[3.014659,247.48732,3.485229],"prevJoint":[3.510648,242.146973,16.691568],"width":17.236765,"type":3}],"type":2,"extended":true,"toString":"Finger [ id:482 66.006866mmx | width:17.236765mm | direction:-0.08796,0.476341,-0.87485 ]","carpPosition":[22.548157,160.802719,128.812119],"dipPosition":[3.510648,242.146973,16.691568],"mcpPosition":[14.632664,198.260071,76.516609],"pipPosition":[5.973917,228.807373,41.191139],"tipPosition":[3.014659,247.48732,3.485229],"length":66.006866,"timeVisible":207.212967,"width":17.236765},{"bones":[{"basis":[[-0.762055,-0.62919,-0.152943],[-0.594692,0.586648,0.549714],[0.256152,-0.509867,0.821232]],"center":[6.176293849945068,170.11456298828125,100.99842071533203],"matrix":[0.762054979801178,0.6291900277137756,0.15294300019741058,6.176293849945068,-0.5946919918060303,0.5866479873657227,0.5497140288352966,170.11456298828125,0.2561520040035248,-0.5098670125007629,0.82123202085495,100.99842071533203,0,0,0,1],"nextJoint":[-1.27642,184.949097,77.104713],"prevJoint":[13.629008,155.280029,124.892128],"width":16.401875,"type":0},{"basis":[[-0.737321,-0.66825,-0.098988],[-0.516661,0.463419,0.719933],[0.435223,-0.581966,0.686948]],"center":[-10.866852760314941,197.77310180664062,61.96735382080078],"matrix":[0.7373210191726685,0.6682500243186951,0.09898799657821655,-10.866852760314941,-0.5166609883308411,0.46341899037361145,0.7199329733848572,197.77310180664062,0.4352230131626129,-0.581965982913971,0.6869480013847351,61.96735382080078,0,0,0,1],"nextJoint":[-20.457285,210.597107,46.829994],"prevJoint":[-1.27642,184.949097,77.104713],"width":16.401875,"type":1},{"basis":[[-0.727489,-0.681452,-0.079893],[-0.595529,0.569313,0.566769],[0.340742,-0.459897,0.819994]],"center":[-25.10626220703125,216.87179565429688,35.64225769042969],"matrix":[0.7274889945983887,0.6814519762992859,0.07989300042390823,-25.10626220703125,-0.5955290198326111,0.5693129897117615,0.566769003868103,216.87179565429688,0.34074199199676514,-0.4598970115184784,0.8199939727783203,35.64225769042969,0,0,0,1],"nextJoint":[-29.755239,223.146484,24.454521],"prevJoint":[-20.457285,210.597107,46.829994],"width":16.401875,"type":2},{"basis":[[-0.720177,-0.691377,-0.05782],[-0.652867,0.647141,0.393667],[0.234755,-0.321259,0.917433]],"center":[-31.422060012817383,225.42750549316406,17.940502166748047],"matrix":[0.7201769948005676,0.6913769841194153,0.057819999754428864,-31.422060012817383,-0.6528670191764832,0.6471409797668457,0.3936670124530792,225.42750549316406,0.2347549945116043,-0.3212589919567108,0.9174330234527588,17.940502166748047,0,0,0,1],"nextJoint":[-33.088882,227.708527,11.426485],"prevJoint":[-29.755239,223.146484,24.454521],"width":16.401875,"type":3}],"type":3,"extended":true,"toString":"Finger [ id:483 63.523582mmx | width:16.401875mm | direction:-0.340742,0.459897,-0.819994 ]","carpPosition":[13.629008,155.280029,124.892128],"dipPosition":[-29.755239,223.146484,24.454521],"mcpPosition":[-1.27642,184.949097,77.104713],"pipPosition":[-20.457285,210.597107,46.829994],"tipPosition":[-33.088882,227.708527,11.426485],"length":63.523582,"timeVisible":207.212967,"width":16.401875},{"bones":[{"basis":[[-0.618481,-0.772197,-0.145578],[-0.680997,0.434278,0.589614],[0.392077,-0.463803,0.794457]],"center":[-2.480102062225342,156.74337768554688,98.53231811523438],"matrix":[0.6184809803962708,0.7721970081329346,0.14557799696922302,-2.480102062225342,-0.6809970140457153,0.4342780113220215,0.5896139740943909,156.74337768554688,0.3920769989490509,-0.4638029932975769,0.7944570183753967,98.53231811523438,0,0,0,1],"nextJoint":[-13.039865,169.23494,77.135292],"prevJoint":[8.079661,144.251816,119.929337],"width":14.569427,"type":0},{"basis":[[-0.488449,-0.87244,0.016324],[-0.50186,0.29618,0.812659],[0.71383,-0.38875,0.582511]],"center":[-25.462743759155273,176.0004119873047,66.99777221679688],"matrix":[0.48844900727272034,0.872439980506897,-0.01632400043308735,-25.462743759155273,-0.5018600225448608,0.29618000984191895,0.8126590251922607,176.0004119873047,0.7138299942016602,-0.38874998688697815,0.5825110077857971,66.99777221679688,0,0,0,1],"nextJoint":[-37.885624,182.765869,56.86026],"prevJoint":[-13.039865,169.23494,77.135292],"width":14.569427,"type":1},{"basis":[[-0.467291,-0.883307,0.037517],[-0.643028,0.368688,0.671256],[0.606757,-0.289547,0.740276]],"center":[-43.681541442871094,185.53170776367188,49.78893280029297],"matrix":[0.467290997505188,0.8833069801330566,-0.037516999989748,-43.681541442871094,-0.6430280208587646,0.3686879873275757,0.6712560057640076,185.53170776367188,0.6067569851875305,-0.28954699635505676,0.7402759790420532,49.78893280029297,0,0,0,1],"nextJoint":[-49.477459,188.297546,42.717609],"prevJoint":[-37.885624,182.765869,56.86026],"width":14.569427,"type":2},{"basis":[[-0.447791,-0.891638,0.06682],[-0.764026,0.420381,0.489432],[0.464486,-0.168111,0.869477]],"center":[-52.50788497924805,189.39434814453125,37.044918060302734],"matrix":[0.4477910101413727,0.8916379809379578,-0.06682000309228897,-52.50788497924805,-0.7640259861946106,0.42038100957870483,0.4894320070743561,189.39434814453125,0.4644860029220581,-0.16811099648475647,0.8694769740104675,37.044918060302734,0,0,0,1],"nextJoint":[-55.538311,190.49115,31.372227],"prevJoint":[-49.477459,188.297546,42.717609],"width":14.569427,"type":3}],"type":4,"extended":true,"toString":"Finger [ id:484 49.556202mmx | width:14.569427mm | direction:-0.606757,0.289547,-0.740276 ]","carpPosition":[8.079661,144.251816,119.929337],"dipPosition":[-49.477459,188.297546,42.717609],"mcpPosition":[-13.039865,169.23494,77.135292],"pipPosition":[-37.885624,182.765869,56.86026],"tipPosition":[-55.538311,190.49115,31.372227],"length":49.556202,"timeVisible":207.212967,"width":14.569427}]}],"id":67308}]}