{"valid":true,"id":88415,"timestamp":150839245365,"hands":[{"id":53,"palmPosition":[-46.256618,203.465149,-210.356232],"direction":[-0.165423,0.362631,-0.917134],"palmVelocity":[99.917229,-722.422791,-494.422638],"palmNormal":[0.976444,0.190856,-0.100657],"valid":true,"pointables":[{"valid":true,"id":530,"handId":53,"length":49.596699,"width":19.424726,"direction":[0.213978,0.580904,-0.785343],"tipPosition":[-14.882601,261.076141,-223.607681],"timeVisible":0.138687,"dipPosition":[-21.276432,259.657959,-207.773773],"pipPosition":[-28.222553,240.800781,-182.280121],"mcpPosition":[-32.754345,203.053619,-153.463104],"carpPosition":[-32.754345,203.053619,-153.463104],"extended":false,"type":0,"finger":true,"positions":[[-32.754345,203.053619,-153.463104],[-32.754345,203.053619,-153.463104],[-28.222553,240.800781,-182.280121],[-21.276432,259.657959,-207.773773],[-14.882601,261.076141,-223.607681]],"metacarpal":{"_center":{"0":-32.75434494018555,"1":203.05361938476562,"2":-153.46310424804688},"_matrix":{"0":0.8498889803886414,"1":0.46700501441955566,"2":0.2441210001707077,"3":-32.75434494018555,"4":-0.4836159944534302,"5":0.5072420239448547,"6":0.7133169770240784,"7":203.05361938476562,"8":0.20929500460624695,"9":-0.7243009805679321,"10":0.6569499969482422,"11":-153.46310424804688,"12":0,"13":0,"14":0,"15":1},"type":0,"prevJoint":[-32.754345,203.053619,-153.463104],"nextJoint":[-32.754345,203.053619,-153.463104],"width":19.424726,"length":0,"basis":[[-0.849889,-0.467005,-0.244121],[-0.483616,0.507242,0.713317],[0.209295,-0.724301,0.65695]],"_left":true},"proximal":{"_center":{"0":-30.488449096679688,"1":221.9272003173828,"2":-167.87161254882812},"_matrix":{"0":0.8676369786262512,"1":0.2316800057888031,"2":0.43992099165916443,"3":-30.488449096679688,"4":-0.4880389869213104,"5":0.5658969879150391,"6":0.6645140051841736,"7":221.9272003173828,"8":-0.09499499946832657,"9":-0.791254997253418,"10":0.604062020778656,"11":-167.87161254882812,"12":0,"13":0,"14":0,"15":1},"type":1,"prevJoint":[-32.754345,203.053619,-153.463104],"nextJoint":[-28.222553,240.800781,-182.280121],"width":19.424726,"length":47.70540689024461,"basis":[[-0.867637,-0.23168,-0.439921],[-0.488039,0.565897,0.664514],[-0.094995,-0.791255,0.604062]],"_left":true},"medial":{"_center":{"0":-24.749492645263672,"1":250.2293701171875,"2":-195.02694702148438},"_matrix":{"0":0.871628999710083,"1":0.24940800666809082,"2":0.42197099328041077,"3":-24.749492645263672,"4":-0.4409950077533722,"5":0.7748200297355652,"6":0.45296400785446167,"7":250.2293701171875,"8":-0.21397800743579865,"9":-0.5809040069580078,"10":0.7853429913520813,"11":-195.02694702148438,"12":0,"13":0,"14":0,"15":1},"type":2,"prevJoint":[-28.222553,240.800781,-182.280121],"nextJoint":[-21.276432,259.657959,-207.773773],"width":19.424726,"length":32.46179371765259,"basis":[[-0.871629,-0.249408,-0.421971],[-0.440995,0.77482,0.452964],[-0.213978,-0.580904,0.785343]],"_left":true},"distal":{"_center":{"0":-18.079517364501953,"1":260.3670349121094,"2":-215.6907196044922},"_matrix":{"0":0.885578989982605,"1":0.26517799496650696,"2":0.3813529908657074,"3":-18.079517364501953,"4":-0.2766059935092926,"5":0.9606410264968872,"6":-0.025654999539256096,"7":260.3670349121094,"8":-0.37314701080322266,"9":-0.08276599645614624,"10":0.9240729808807373,"11":-215.6907196044922,"12":0,"13":0,"14":0,"15":1},"type":3,"prevJoint":[-21.276432,259.657959,-207.773773],"nextJoint":[-14.882601,261.076141,-223.607681],"width":19.424726,"length":17.134904656698538,"basis":[[-0.885579,-0.265178,-0.381353],[-0.276606,0.960641,-0.025655],[-0.373147,-0.082766,0.924073]],"_left":true},"bones":[null,null,null,null]},{"valid":true,"id":531,"handId":53,"length":55.127174,"width":18.554499,"direction":[0.386426,0.368611,-0.845459],"tipPosition":[-35.386009,262.409027,-285.920502],"timeVisible":0.138687,"dipPosition":[-44.734028,259.595276,-278.587494],"pipPosition":[-53.466576,251.265335,-259.481628],"mcpPosition":[-56.79467,234.404831,-222.655777],"carpPosition":[-53.893696,195.166824,-160.483963],"extended":true,"type":1,"finger":true,"positions":[[-53.893696,195.166824,-160.483963],[-56.79467,234.404831,-222.655777],[-53.466576,251.265335,-259.481628],[-44.734028,259.595276,-278.587494],[-35.386009,262.409027,-285.920502]],"metacarpal":{"_center":{"0":-55.34418487548828,"1":214.78582763671875,"2":-191.5698699951172},"_matrix":{"0":-0.10879799723625183,"1":0.8383439779281616,"2":0.5341740250587463,"3":-55.34418487548828,"4":-0.9932820200920105,"5":-0.11299599707126617,"6":-0.024966999888420105,"7":214.78582763671875,"8":0.039427999407052994,"9":-0.5333020091056824,"10":0.845005989074707,"11":-191.5698699951172,"12":0,"13":0,"14":0,"15":1},"type":0,"prevJoint":[-53.893696,195.166824,-160.483963],"nextJoint":[-56.79467,234.404831,-222.655777],"width":18.554499,"length":73.57561620218566,"basis":[[0.108798,-0.838344,-0.534174],[-0.993282,-0.112996,-0.024967],[0.039428,-0.533302,0.845006]],"_left":true},"proximal":{"_center":{"0":-55.13062286376953,"1":242.8350830078125,"2":-241.06869506835938},"_matrix":{"0":-0.10569000244140625,"1":0.9077209830284119,"2":0.40604299306869507,"3":-55.13062286376953,"4":-0.9910209774971008,"5":-0.06252100318670273,"6":-0.11818800121545792,"7":242.8350830078125,"8":-0.08189500123262405,"9":-0.41488900780677795,"10":0.9061790108680725,"11":-241.06869506835938,"12":0,"13":0,"14":0,"15":1},"type":1,"prevJoint":[-56.79467,234.404831,-222.655777],"nextJoint":[-53.466576,251.265335,-259.481628],"width":18.554499,"length":40.6386036507291,"basis":[[0.10569,-0.907721,-0.406043],[-0.991021,-0.062521,-0.118188],[-0.081895,-0.414889,0.906179]],"_left":true},"medial":{"_center":{"0":-49.100303649902344,"1":255.43031311035156,"2":-269.0345458984375},"_matrix":{"0":-0.0937969982624054,"1":0.9276189804077148,"2":0.36155998706817627,"3":-49.100303649902344,"4":-0.9175379872322083,"5":0.06041499972343445,"6":-0.3930310010910034,"7":255.43031311035156,"8":-0.38642600178718567,"9":-0.36861100792884827,"10":0.845458984375,"11":-269.0345458984375,"12":0,"13":0,"14":0,"15":1},"type":2,"prevJoint":[-53.466576,251.265335,-259.481628],"nextJoint":[-44.734028,259.595276,-278.587494],"width":18.554499,"length":22.59821734663469,"basis":[[0.093797,-0.927619,-0.36156],[-0.917538,0.060415,-0.393031],[-0.386426,-0.368611,0.845459]],"_left":true},"distal":{"_center":{"0":-40.06001663208008,"1":261.0021667480469,"2":-282.2539978027344},"_matrix":{"0":-0.047929998487234116,"1":0.9514690041542053,"2":0.3039880096912384,"3":-40.06001663208008,"4":-0.6414989829063416,"5":0.20395399630069733,"6":-0.7395150065422058,"7":261.0021667480469,"8":-0.765625,"9":-0.2304529994726181,"10":0.6005910038948059,"11":-282.2539978027344,"12":0,"13":0,"14":0,"15":1},"type":3,"prevJoint":[-44.734028,259.595276,-278.587494],"nextJoint":[-35.386009,262.409027,-285.920502],"width":18.554499,"length":12.20965438669031,"basis":[[0.04793,-0.951469,-0.303988],[-0.641499,0.203954,-0.739515],[-0.765625,-0.230453,0.600591]],"_left":true},"bones":[null,null,null,null]},{"valid":true,"id":532,"handId":53,"length":61.169182,"width":18.222982,"direction":[0.031155,0.399232,-0.916321],"tipPosition":[-53.122814,247.350906,-307.728363],"timeVisible":0.138687,"dipPosition":[-53.527767,242.161758,-295.818176],"pipPosition":[-54.335049,231.817032,-272.07486],"mcpPosition":[-55.723442,214.051254,-231.277344],"carpPosition":[-54.135105,185.185944,-167.774261],"extended":true,"type":2,"finger":true,"positions":[[-54.135105,185.185944,-167.774261],[-55.723442,214.051254,-231.277344],[-54.335049,231.817032,-272.07486],[-53.527767,242.161758,-295.818176],[-53.122814,247.350906,-307.728363]],"metacarpal":{"_center":{"0":-54.92927169799805,"1":199.6186065673828,"2":-199.5258026123047},"_matrix":{"0":-0.28084999322891235,"1":0.871059000492096,"2":0.4029639959335327,"3":-54.92927169799805,"4":-0.9594820141792297,"5":-0.26478299498558044,"6":-0.09635800123214722,"7":199.6186065673828,"8":0.022763999179005623,"9":-0.4136990010738373,"10":0.9101290106773376,"11":-199.5258026123047,"12":0,"13":0,"14":0,"15":1},"type":0,"prevJoint":[-54.135105,185.185944,-167.774261],"nextJoint":[-55.723442,214.051254,-231.277344],"width":18.222982,"length":69.77370913407542,"basis":[[0.28085,-0.871059,-0.402964],[-0.959482,-0.264783,-0.096358],[0.022764,-0.413699,0.910129]],"_left":true},"proximal":{"_center":{"0":-55.02924728393555,"1":222.93414306640625,"2":-251.6761016845703},"_matrix":{"0":-0.2807210087776184,"1":0.8834360241889954,"2":0.3751490116119385,"3":-55.02924728393555,"4":-0.9592819809913635,"5":-0.24555300176143646,"6":-0.13957500457763672,"7":222.93414306640625,"8":-0.031185999512672424,"9":-0.39905598759651184,"10":0.9163960218429565,"11":-251.6761016845703,"12":0,"13":0,"14":0,"15":1},"type":1,"prevJoint":[-55.723442,214.051254,-231.277344],"nextJoint":[-54.335049,231.817032,-272.07486],"width":18.222982,"length":44.5195217274174,"basis":[[0.280721,-0.883436,-0.375149],[-0.959282,-0.245553,-0.139575],[-0.031186,-0.399056,0.916396]],"_left":true},"medial":{"_center":{"0":-53.9314079284668,"1":236.98939514160156,"2":-283.946533203125},"_matrix":{"0":-0.28072699904441833,"1":0.8833590149879456,"2":0.375326007604599,"3":-53.9314079284668,"4":-0.9592819809913635,"5":-0.2455430030822754,"6":-0.13959699869155884,"7":236.98939514160156,"8":-0.031154999509453773,"9":-0.39923200011253357,"10":0.9163209795951843,"11":-283.946533203125,"12":0,"13":0,"14":0,"15":1},"type":2,"prevJoint":[-54.335049,231.817032,-272.07486],"nextJoint":[-53.527767,242.161758,-295.818176],"width":18.222982,"length":25.91158264017185,"basis":[[0.280727,-0.883359,-0.375326],[-0.959282,-0.245543,-0.139597],[-0.031155,-0.399232,0.916321]],"_left":true},"distal":{"_center":{"0":-53.32529067993164,"1":244.75633239746094,"2":-301.77325439453125},"_matrix":{"0":-0.28072699904441833,"1":0.8833590149879456,"2":0.375326007604599,"3":-53.32529067993164,"4":-0.9592819809913635,"5":-0.2455430030822754,"6":-0.13959699869155884,"7":244.75633239746094,"8":-0.031154999509453773,"9":-0.39923200011253357,"10":0.9163209795951843,"11":-301.77325439453125,"12":0,"13":0,"14":0,"15":1},"type":3,"prevJoint":[-53.527767,242.161758,-295.818176],"nextJoint":[-53.122814,247.350906,-307.728363],"width":18.222982,"length":12.997838215375753,"basis":[[0.280727,-0.883359,-0.375326],[-0.959282,-0.245543,-0.139597],[-0.031155,-0.399232,0.916321]],"_left":true},"bones":[null,null,null,null]},{"valid":true,"id":533,"handId":53,"length":56.108646,"width":17.340324,"direction":[0.240567,0.309116,-0.920095],"tipPosition":[-47.278622,212.446381,-305.53244],"timeVisible":0.138687,"dipPosition":[-49.121529,209.060028,-293.916321],"pipPosition":[-54.88311,201.656708,-271.880066],"mcpPosition":[-50.106525,192.428894,-233.420044],"carpPosition":[-50.062397,175.291824,-173.164505],"extended":true,"type":3,"finger":true,"positions":[[-50.062397,175.291824,-173.164505],[-50.106525,192.428894,-233.420044],[-54.88311,201.656708,-271.880066],[-49.121529,209.060028,-293.916321],[-47.278622,212.446381,-305.53244]],"metacarpal":{"_center":{"0":-50.0844612121582,"1":183.8603515625,"2":-203.2922821044922},"_matrix":{"0":-0.3526639938354492,"1":0.8999879956245422,"2":0.2562209963798523,"3":-50.0844612121582,"4":-0.9357500076293945,"5":-0.3393920063972473,"6":-0.09583999961614609,"7":183.8603515625,"8":0.0007040000054985285,"9":-0.27355799078941345,"10":0.9618549942970276,"11":-203.2922821044922,"12":0,"13":0,"14":0,"15":1},"type":0,"prevJoint":[-50.062397,175.291824,-173.164505],"nextJoint":[-50.106525,192.428894,-233.420044],"width":17.340324,"length":62.645120285987204,"basis":[[0.352664,-0.899988,-0.256221],[-0.93575,-0.339392,-0.09584],[0.000704,-0.273558,0.961855]],"_left":true},"proximal":{"_center":{"0":-52.494815826416016,"1":197.0428009033203,"2":-252.65005493164062},"_matrix":{"0":-0.35245800018310547,"1":0.8991280198097229,"2":0.2595039904117584,"3":-52.494815826416016,"4":-0.9281150102615356,"5":-0.3713729977607727,"6":0.02616400085389614,"7":197.0428009033203,"8":0.11989700049161911,"9":-0.23162800073623657,"10":0.9653880000114441,"11":-252.65005493164062,"12":0,"13":0,"14":0,"15":1},"type":1,"prevJoint":[-50.106525,192.428894,-233.420044],"nextJoint":[-54.88311,201.656708,-271.880066],"width":17.340324,"length":39.838945866090704,"basis":[[0.352458,-0.899128,-0.259504],[-0.928115,-0.371373,0.026164],[0.119897,-0.231628,0.965388]],"_left":true},"medial":{"_center":{"0":-52.0023193359375,"1":205.35836791992188,"2":-282.898193359375},"_matrix":{"0":-0.349606990814209,"1":0.911903977394104,"2":0.21495600044727325,"3":-52.0023193359375,"4":-0.9054840207099915,"5":-0.26996099948883057,"6":-0.32744300365448,"7":205.35836791992188,"8":-0.24056699872016907,"9":-0.309116005897522,"10":0.9200950264930725,"11":-282.898193359375,"12":0,"13":0,"14":0,"15":1},"type":2,"prevJoint":[-54.88311,201.656708,-271.880066],"nextJoint":[-49.121529,209.060028,-293.916321],"width":17.340324,"length":23.94997906193208,"basis":[[0.349607,-0.911904,-0.214956],[-0.905484,-0.269961,-0.327443],[-0.240567,-0.309116,0.920095]],"_left":true},"distal":{"_center":{"0":-48.200077056884766,"1":210.75320434570312,"2":-299.7243957519531},"_matrix":{"0":-0.34875500202178955,"1":0.9131810069084167,"2":0.21088199317455292,"3":-48.200077056884766,"4":-0.9250389933586121,"5":-0.29924699664115906,"6":-0.2339950054883957,"7":210.75320434570312,"8":-0.1505739986896515,"9":-0.27668100595474243,"10":0.9490919709205627,"11":-299.7243957519531,"12":0,"13":0,"14":0,"15":1},"type":3,"prevJoint":[-49.121529,209.060028,-293.916321],"nextJoint":[-47.278622,212.446381,-305.53244],"width":17.340324,"length":12.239195785402721,"basis":[[0.348755,-0.913181,-0.210882],[-0.925039,-0.299247,-0.233995],[-0.150574,-0.276681,0.949092]],"_left":true},"bones":[null,null,null,null]},{"valid":true,"id":534,"handId":53,"length":45.676105,"width":15.403031,"direction":[0.107047,0.183307,-0.97721],"tipPosition":[-38.494976,182.655853,-290.523682],"timeVisible":0.138687,"dipPosition":[-46.575882,178.481003,-282.66333],"pipPosition":[-48.443619,175.2827,-265.61319],"mcpPosition":[-40.739437,173.334702,-234.18866],"carpPosition":[-39.607662,165.693802,-176.715454],"extended":true,"type":4,"finger":true,"positions":[[-39.607662,165.693802,-176.715454],[-40.739437,173.334702,-234.18866],[-48.443619,175.2827,-265.61319],[-46.575882,178.481003,-282.66333],[-38.494976,182.655853,-290.523682]],"metacarpal":{"_center":{"0":-40.17354965209961,"1":169.51425170898438,"2":-205.45205688476562},"_matrix":{"0":-0.500108003616333,"1":0.8570690155029297,"2":0.12379299849271774,"3":-40.17354965209961,"4":-0.8657429814338684,"5":-0.4980669915676117,"6":-0.04916800186038017,"7":169.51425170898438,"8":0.019517000764608383,"9":-0.13176299631595612,"10":0.9910889863967896,"11":-205.45205688476562,"12":0,"13":0,"14":0,"15":1},"type":0,"prevJoint":[-39.607662,165.693802,-176.715454],"nextJoint":[-40.739437,173.334702,-234.18866],"width":15.403031,"length":57.989944605759554,"basis":[[0.500108,-0.857069,-0.123793],[-0.865743,-0.498067,-0.049168],[0.019517,-0.131763,0.991089]],"_left":true},"proximal":{"_center":{"0":-44.591529846191406,"1":174.30870056152344,"2":-249.9009246826172},"_matrix":{"0":-0.4935440123081207,"1":0.8521729707717896,"2":0.17382599413394928,"3":-44.591529846191406,"4":-0.8366129994392395,"5":-0.5197979807853699,"6":0.17288599908351898,"7":174.30870056152344,"8":0.2376829981803894,"9":-0.06009799987077713,"10":0.9694820046424866,"11":-249.9009246826172,"12":0,"13":0,"14":0,"15":1},"type":1,"prevJoint":[-40.739437,173.334702,-234.18866],"nextJoint":[-48.443619,175.2827,-265.61319],"width":15.403031,"length":32.41373477737526,"basis":[[0.493544,-0.852173,-0.173826],[-0.836613,-0.519798,0.172886],[0.237683,-0.060098,0.969482]],"_left":true},"medial":{"_center":{"0":-47.50975036621094,"1":176.88185119628906,"2":-274.1382751464844},"_matrix":{"0":-0.49803799390792847,"1":0.8605449795722961,"2":0.10686600208282471,"3":-47.50975036621094,"4":-0.860522985458374,"5":-0.4752480089664459,"6":-0.18341299891471863,"7":176.88185119628906,"8":-0.10704699903726578,"9":-0.1833070069551468,"10":0.9772099852561951,"11":-274.1382751464844,"12":0,"13":0,"14":0,"15":1},"type":2,"prevJoint":[-48.443619,175.2827,-265.61319],"nextJoint":[-46.575882,178.481003,-282.66333],"width":15.403031,"length":17.447775147581936,"basis":[[0.498038,-0.860545,-0.106866],[-0.860523,-0.475248,-0.183413],[-0.107047,-0.183307,0.97721]],"_left":true},"distal":{"_center":{"0":-42.53542709350586,"1":180.56842041015625,"2":-286.593505859375},"_matrix":{"0":-0.45157599449157715,"1":0.8921809792518616,"2":0.009615999646484852,"3":-42.53542709350586,"4":-0.586700975894928,"5":-0.28880399465560913,"6":-0.7565550208091736,"7":180.56842041015625,"8":-0.6722069978713989,"9":-0.3472830057144165,"10":0.6538599729537964,"11":-286.593505859375,"12":0,"13":0,"14":0,"15":1},"type":3,"prevJoint":[-46.575882,178.481003,-282.66333],"nextJoint":[-38.494976,182.655853,-290.523682],"width":15.403031,"length":12.021461968797336,"basis":[[0.451576,-0.892181,-0.009616],[-0.586701,-0.288804,-0.756555],[-0.672207,-0.347283,0.65386]],"_left":true},"bones":[null,null,null,null]}],"fingers":[null,null,null,null,null],"arm":{"_center":{"0":-42.27156448364258,"1":206.06329345703125,"2":-10.583572387695312},"_matrix":{"0":-0.15336300432682037,"1":0.9600890278816223,"2":-0.23389899730682373,"3":-42.27156448364258,"4":-0.9878519773483276,"5":-0.15495899319648743,"6":0.011653999797999859,"7":206.06329345703125,"8":-0.02505600079894066,"9":0.2328449934720993,"10":0.9721909761428833,"11":-10.583572387695312,"12":0,"13":0,"14":0,"15":1},"type":4,"prevJoint":[-45.654415,237.499924,120.672958],"nextJoint":[-38.888714,174.626648,-141.840103],"width":61.916992,"length":270.0220930601481,"basis":[[0.153363,-0.960089,0.233899],[-0.987852,-0.154959,0.011654],[-0.025056,0.232845,0.972191]],"_left":true},"tools":[],"_rotation":[],"timeVisible":0.138687,"type":"left","grabStrength":0,"pinchStrength":0,"confidence":1}],"handsMap":{},"pointables":[null,null,null,null,null],"tools":[],"fingers":[null,null,null,null,null],"gestures":[],"pointablesMap":{},"_rotation":[],"data":{"currentFrameRate":115.351135,"devices":[],"hands":[{"armBasis":[[0.153363,-0.960089,0.233899],[-0.987852,-0.154959,0.011654],[-0.025056,0.232845,0.972191]],"armWidth":61.916992,"confidence":1,"direction":[-0.165423,0.362631,-0.917134],"elbow":[-45.654415,237.499924,120.672958],"grabAngle":0.505013,"grabStrength":0,"id":53,"palmNormal":[0.976444,0.190856,-0.100657],"palmPosition":[-46.256618,203.465149,-210.356232],"palmVelocity":[99.917229,-722.422791,-494.422638],"palmWidth":90.997444,"pinchDistance":61.484501,"pinchStrength":0,"timeVisible":0.138687,"type":"left","wrist":[-38.888714,174.626648,-141.840103]}],"id":88415,"pointables":[{"bases":[[[-0.849889,-0.467005,-0.244121],[-0.483616,0.507242,0.713317],[0.209295,-0.724301,0.65695]],[[-0.867637,-0.23168,-0.439921],[-0.488039,0.565897,0.664514],[-0.094995,-0.791255,0.604062]],[[-0.871629,-0.249408,-0.421971],[-0.440995,0.77482,0.452964],[-0.213978,-0.580904,0.785343]],[[-0.885579,-0.265178,-0.381353],[-0.276606,0.960641,-0.025655],[-0.373147,-0.082766,0.924073]]],"btipPosition":[-14.882601,261.076141,-223.607681],"carpPosition":[-32.754345,203.053619,-153.463104],"dipPosition":[-21.276432,259.657959,-207.773773],"direction":[0.213978,0.580904,-0.785343],"extended":false,"handId":53,"id":530,"length":49.596699,"mcpPosition":[-32.754345,203.053619,-153.463104],"pipPosition":[-28.222553,240.800781,-182.280121],"timeVisible":0.138687,"tipPosition":[-14.882601,261.076141,-223.607681],"type":0,"width":19.424726},{"bases":[[[0.108798,-0.838344,-0.534174],[-0.993282,-0.112996,-0.024967],[0.039428,-0.533302,0.845006]],[[0.10569,-0.907721,-0.406043],[-0.991021,-0.062521,-0.118188],[-0.081895,-0.414889,0.906179]],[[0.093797,-0.927619,-0.36156],[-0.917538,0.060415,-0.393031],[-0.386426,-0.368611,0.845459]],[[0.04793,-0.951469,-0.303988],[-0.641499,0.203954,-0.739515],[-0.765625,-0.230453,0.600591]]],"btipPosition":[-35.386009,262.409027,-285.920502],"carpPosition":[-53.893696,195.166824,-160.483963],"dipPosition":[-44.734028,259.595276,-278.587494],"direction":[0.386426,0.368611,-0.845459],"extended":true,"handId":53,"id":531,"length":55.127174,"mcpPosition":[-56.79467,234.404831,-222.655777],"pipPosition":[-53.466576,251.265335,-259.481628],"timeVisible":0.138687,"tipPosition":[-35.386009,262.409027,-285.920502],"type":1,"width":18.554499},{"bases":[[[0.28085,-0.871059,-0.402964],[-0.959482,-0.264783,-0.096358],[0.022764,-0.413699,0.910129]],[[0.280721,-0.883436,-0.375149],[-0.959282,-0.245553,-0.139575],[-0.031186,-0.399056,0.916396]],[[0.280727,-0.883359,-0.375326],[-0.959282,-0.245543,-0.139597],[-0.031155,-0.399232,0.916321]],[[0.280727,-0.883359,-0.375326],[-0.959282,-0.245543,-0.139597],[-0.031155,-0.399232,0.916321]]],"btipPosition":[-53.122814,247.350906,-307.728363],"carpPosition":[-54.135105,185.185944,-167.774261],"dipPosition":[-53.527767,242.161758,-295.818176],"direction":[0.031155,0.399232,-0.916321],"extended":true,"handId":53,"id":532,"length":61.169182,"mcpPosition":[-55.723442,214.051254,-231.277344],"pipPosition":[-54.335049,231.817032,-272.07486],"timeVisible":0.138687,"tipPosition":[-53.122814,247.350906,-307.728363],"type":2,"width":18.222982},{"bases":[[[0.352664,-0.899988,-0.256221],[-0.93575,-0.339392,-0.09584],[0.000704,-0.273558,0.961855]],[[0.352458,-0.899128,-0.259504],[-0.928115,-0.371373,0.026164],[0.119897,-0.231628,0.965388]],[[0.349607,-0.911904,-0.214956],[-0.905484,-0.269961,-0.327443],[-0.240567,-0.309116,0.920095]],[[0.348755,-0.913181,-0.210882],[-0.925039,-0.299247,-0.233995],[-0.150574,-0.276681,0.949092]]],"btipPosition":[-47.278622,212.446381,-305.53244],"carpPosition":[-50.062397,175.291824,-173.164505],"dipPosition":[-49.121529,209.060028,-293.916321],"direction":[0.240567,0.309116,-0.920095],"extended":true,"handId":53,"id":533,"length":56.108646,"mcpPosition":[-50.106525,192.428894,-233.420044],"pipPosition":[-54.88311,201.656708,-271.880066],"timeVisible":0.138687,"tipPosition":[-47.278622,212.446381,-305.53244],"type":3,"width":17.340324},{"bases":[[[0.500108,-0.857069,-0.123793],[-0.865743,-0.498067,-0.049168],[0.019517,-0.131763,0.991089]],[[0.493544,-0.852173,-0.173826],[-0.836613,-0.519798,0.172886],[0.237683,-0.060098,0.969482]],[[0.498038,-0.860545,-0.106866],[-0.860523,-0.475248,-0.183413],[-0.107047,-0.183307,0.97721]],[[0.451576,-0.892181,-0.009616],[-0.586701,-0.288804,-0.756555],[-0.672207,-0.347283,0.65386]]],"btipPosition":[-38.494976,182.655853,-290.523682],"carpPosition":[-39.607662,165.693802,-176.715454],"dipPosition":[-46.575882,178.481003,-282.66333],"direction":[0.107047,0.183307,-0.97721],"extended":true,"handId":53,"id":534,"length":45.676105,"mcpPosition":[-40.739437,173.334702,-234.18866],"pipPosition":[-48.443619,175.2827,-265.61319],"timeVisible":0.138687,"tipPosition":[-38.494976,182.655853,-290.523682],"type":4,"width":15.403031}],"timestamp":150839245365},"type":"frame","currentFrameRate":115.351135,"controller":{"inNode":"11.9.0","animationFrameRequested":false,"suppressAnimationLoop":true,"loopWhileDisconnected":true,"frameEventName":"deviceFrame","useAllPlugins":false,"history":{"pos":56735,"_buf":[{"valid":true,"id":88281,"timestamp":150838083406,"hands":[],"handsMap":{},"pointables":[],"tools":[],"fingers":[],"gestures":[],"pointablesMap":{},"_rotation":[],"data":{"currentFrameRate":115.328018,"devices":[],"hands":[],"id":88281,"pointables":[],"timestamp":150838083406},"type":"frame","currentFrameRate":115.328018,"historyIdx":56600},{"valid":true,"id":88282,"timestamp":150838092086,"hands":[],"handsMap":{},"pointables":[],"tools":[],"fingers":[],"gestures":[],"pointablesMap":{},"_rotation":[],"data":{"currentFrameRate":115.322891,"devices":[],"hands":[],"id":88282,"pointables":[],"timestamp":150838092086},"type":"frame","currentFrameRate":115.322891,"historyIdx":56601},{"valid":true,"id":88283,"timestamp":150838100784,"hands":[],"handsMap":{},"pointables":[],"tools":[],"fingers":[],"gestures":[],"pointablesMap":{},"_rotation":[],"data":{"currentFrameRate":115.307831,"devices":[],"hands":[],"id":88283,"pointables":[],"timestamp":150838100784},"type":"frame","currentFrameRate":115.307831,"historyIdx":56602},{"valid":true,"id":88284,"timestamp":150838109443,"hands":[],"handsMap":{},"pointables":[],"tools":[],"fingers":[],"gestures":[],"pointablesMap":{},"_rotation":[],"data":{"currentFrameRate":115.315414,"devices":[],"hands":[],"id":88284,"pointables":[],"timestamp":150838109443},"type":"frame","currentFrameRate":115.315414,"historyIdx":56603},{"valid":true,"id":88285,"timestamp":150838118083,"hands":[],"handsMap":{},"pointables":[],"tools":[],"fingers":[],"gestures":[],"pointablesMap":{},"_rotation":[],"data":{"currentFrameRate":115.333397,"devices":[],"hands":[],"id":88285,"pointables":[],"timestamp":150838118083},"type":"frame","currentFrameRate":115.333397,"historyIdx":56604},{"valid":true,"id":88286,"timestamp":150838126766,"hands":[],"handsMap":{},"pointables":[],"tools":[],"fingers":[],"gestures":[],"pointablesMap":{},"_rotation":[],"data":{"currentFrameRate":115.326347,"devices":[],"hands":[],"id":88286,"pointables":[],"timestamp":150838126766},"type":"frame","currentFrameRate":115.326347,"historyIdx":56605},{"valid":true,"id":88287,"timestamp":150838135463,"hands":[],"handsMap":{},"pointables":[],"tools":[],"fingers":[],"gestures":[],"pointablesMap":{},"_rotation":[],"data":{"currentFrameRate":115.311707,"devices":[],"hands":[],"id":88287,"pointables":[],"timestamp":150838135463},"type":"frame","currentFrameRate":115.311707,"historyIdx":56606},{"valid":true,"id":88288,"timestamp":150838144106,"hands":[],"handsMap":{},"pointables":[],"tools":[],"fingers":[],"gestures":[],"pointablesMap":{},"_rotation":[],"data":{"currentFrameRate":115.328148,"devices":[],"hands":[],"id":88288,"pointables":[],"timestamp":150838144106},"type":"frame","currentFrameRate":115.328148,"historyIdx":56607},{"valid":true,"id":88289,"timestamp":150838152812,"hands":[],"handsMap":{},"pointables":[],"tools":[],"fingers":[],"gestures":[],"pointablesMap":{},"_rotation":[],"data":{"currentFrameRate":115.30835,"devices":[],"hands":[],"id":88289,"pointables":[],"timestamp":150838152812},"type":"frame","currentFrameRate":115.30835,"historyIdx":56608},{"valid":true,"id":88290,"timestamp":150838161459,"hands":[],"handsMap":{},"pointables":[],"tools":[],"fingers":[],"gestures":[],"pointablesMap":{},"_rotation":[],"data":{"currentFrameRate":115.322685,"devices":[],"hands":[],"id":88290,"pointables":[],"timestamp":150838161459},"type":"frame","currentFrameRate":115.322685,"historyIdx":56609},{"valid":true,"id":88291,"timestamp":150838170125,"hands":[],"handsMap":{},"pointables":[],"tools":[],"fingers":[],"gestures":[],"pointablesMap":{},"_rotation":[],"data":{"currentFrameRate":115.325684,"devices":[],"hands":[],"id":88291,"pointables":[],"timestamp":150838170125},"type":"frame","currentFrameRate":115.325684,"historyIdx":56610},{"valid":true,"id":88292,"timestamp":150838178813,"hands":[],"handsMap":{},"pointables":[],"tools":[],"fingers":[],"gestures":[],"pointablesMap":{},"_rotation":[],"data":{"currentFrameRate":115.316147,"devices":[],"hands":[],"id":88292,"pointables":[],"timestamp":150838178813},"type":"frame","currentFrameRate":115.316147,"historyIdx":56611},{"valid":true,"id":88293,"timestamp":150838187457,"hands":[],"handsMap":{},"pointables":[],"tools":[],"fingers":[],"gestures":[],"pointablesMap":{},"_rotation":[],"data":{"currentFrameRate":115.331841,"devices":[],"hands":[],"id":88293,"pointables":[],"timestamp":150838187457},"type":"frame","currentFrameRate":115.331841,"historyIdx":56612},{"valid":true,"id":88294,"timestamp":150838196120,"hands":[],"handsMap":{},"pointables":[],"tools":[],"fingers":[],"gestures":[],"pointablesMap":{},"_rotation":[],"data":{"currentFrameRate":115.336151,"devices":[],"hands":[],"id":88294,"pointables":[],"timestamp":150838196120},"type":"frame","currentFrameRate":115.336151,"historyIdx":56613},{"valid":true,"id":88295,"timestamp":150838204816,"hands":[],"handsMap":{},"pointables":[],"tools":[],"fingers":[],"gestures":[],"pointablesMap":{},"_rotation":[],"data":{"currentFrameRate":115.321648,"devices":[],"hands":[],"id":88295,"pointables":[],"timestamp":150838204816},"type":"frame","currentFrameRate":115.321648,"historyIdx":56614},{"valid":true,"id":88296,"timestamp":150838213511,"hands":[],"handsMap":{},"pointables":[],"tools":[],"fingers":[],"gestures":[],"pointablesMap":{},"_rotation":[],"data":{"currentFrameRate":115.308334,"devices":[],"hands":[],"id":88296,"pointables":[],"timestamp":150838213511},"type":"frame","currentFrameRate":115.308334,"historyIdx":56615},{"valid":true,"id":88297,"timestamp":150838222145,"hands":[],"handsMap":{},"pointables":[],"tools":[],"fingers":[],"gestures":[],"pointablesMap":{},"_rotation":[],"data":{"currentFrameRate":115.330002,"devices":[],"hands":[],"id":88297,"pointables":[],"timestamp":150838222145},"type":"frame","currentFrameRate":115.330002,"historyIdx":56616},{"valid":true,"id":88298,"timestamp":150838230874,"hands":[],"handsMap":{},"pointables":[],"tools":[],"fingers":[],"gestures":[],"pointablesMap":{},"_rotation":[],"data":{"currentFrameRate":115.297142,"devices":[],"hands":[],"id":88298,"pointables":[],"timestamp":150838230874},"type":"frame","currentFrameRate":115.297142,"historyIdx":56617},{"valid":true,"id":88299,"timestamp":150838239503,"hands":[],"handsMap":{},"pointables":[],"tools":[],"fingers":[],"gestures":[],"pointablesMap":{},"_rotation":[],"data":{"currentFrameRate":115.322105,"devices":[],"hands":[],"id":88299,"pointables":[],"timestamp":150838239503},"type":"frame","currentFrameRate":115.322105,"historyIdx":56618},{"valid":true,"id":88300,"timestamp":150838248178,"hands":[],"handsMap":{},"pointables":[],"tools":[],"fingers":[],"gestures":[],"pointablesMap":{},"_rotation":[],"data":{"currentFrameRate":115.320053,"devices":[],"hands":[],"id":88300,"pointables":[],"timestamp":150838248178},"type":"frame","currentFrameRate":115.320053,"historyIdx":56619},{"valid":true,"id":88301,"timestamp":150838256842,"hands":[],"handsMap":{},"pointables":[],"tools":[],"fingers":[],"gestures":[],"pointablesMap":{},"_rotation":[],"data":{"currentFrameRate":115.324295,"devices":[],"hands":[],"id":88301,"pointables":[],"timestamp":150838256842},"type":"frame","currentFrameRate":115.324295,"historyIdx":56620},{"valid":true,"id":88302,"timestamp":150838265506,"hands":[],"handsMap":{},"pointables":[],"tools":[],"fingers":[],"gestures":[],"pointablesMap":{},"_rotation":[],"data":{"currentFrameRate":115.328362,"devices":[],"hands":[],"id":88302,"pointables":[],"timestamp":150838265506},"type":"frame","currentFrameRate":115.328362,"historyIdx":56621},{"valid":true,"id":88303,"timestamp":150838274181,"hands":[],"handsMap":{},"pointables":[],"tools":[],"fingers":[],"gestures":[],"pointablesMap":{},"_rotation":[],"data":{"currentFrameRate":115.326042,"devices":[],"hands":[],"id":88303,"pointables":[],"timestamp":150838274181},"type":"frame","currentFrameRate":115.326042,"historyIdx":56622},{"valid":true,"id":88304,"timestamp":150838282863,"hands":[],"handsMap":{},"pointables":[],"tools":[],"fingers":[],"gestures":[],"pointablesMap":{},"_rotation":[],"data":{"currentFrameRate":115.319878,"devices":[],"hands":[],"id":88304,"pointables":[],"timestamp":150838282863},"type":"frame","currentFrameRate":115.319878,"historyIdx":56623},{"valid":true,"id":88305,"timestamp":150838291519,"hands":[],"handsMap":{},"pointables":[],"tools":[],"fingers":[],"gestures":[],"pointablesMap":{},"_rotation":[],"data":{"currentFrameRate":115.328644,"devices":[],"hands":[],"id":88305,"pointables":[],"timestamp":150838291519},"type":"frame","currentFrameRate":115.328644,"historyIdx":56624},{"valid":true,"id":88306,"timestamp":150838300208,"hands":[],"handsMap":{},"pointables":[],"tools":[],"fingers":[],"gestures":[],"pointablesMap":{},"_rotation":[],"data":{"currentFrameRate":115.318413,"devices":[],"hands":[],"id":88306,"pointables":[],"timestamp":150838300208},"type":"frame","currentFrameRate":115.318413,"historyIdx":56625},{"valid":true,"id":88307,"timestamp":150838308896,"hands":[],"handsMap":{},"pointables":[],"tools":[],"fingers":[],"gestures":[],"pointablesMap":{},"_rotation":[],"data":{"currentFrameRate":115.309181,"devices":[],"hands":[],"id":88307,"pointables":[],"timestamp":150838308896},"type":"frame","currentFrameRate":115.309181,"historyIdx":56626},{"valid":true,"id":88308,"timestamp":150838317546,"hands":[],"handsMap":{},"pointables":[],"tools":[],"fingers":[],"gestures":[],"pointablesMap":{},"_rotation":[],"data":{"currentFrameRate":115.321785,"devices":[],"hands":[],"id":88308,"pointables":[],"timestamp":150838317546},"type":"frame","currentFrameRate":115.321785,"historyIdx":56627},{"valid":true,"id":88309,"timestamp":150838326242,"hands":[],"handsMap":{},"pointables":[],"tools":[],"fingers":[],"gestures":[],"pointablesMap":{},"_rotation":[],"data":{"currentFrameRate":115.307899,"devices":[],"hands":[],"id":88309,"pointables":[],"timestamp":150838326242},"type":"frame","currentFrameRate":115.307899,"historyIdx":56628},{"valid":true,"id":88310,"timestamp":150838334906,"hands":[],"handsMap":{},"pointables":[],"tools":[],"fingers":[],"gestures":[],"pointablesMap":{},"_rotation":[],"data":{"currentFrameRate":115.312653,"devices":[],"hands":[],"id":88310,"pointables":[],"timestamp":150838334906},"type":"frame","currentFrameRate":115.312653,"historyIdx":56629},{"valid":true,"id":88311,"timestamp":150838343578,"hands":[],"handsMap":{},"pointables":[],"tools":[],"fingers":[],"gestures":[],"pointablesMap":{},"_rotation":[],"data":{"currentFrameRate":115.312698,"devices":[],"hands":[],"id":88311,"pointables":[],"timestamp":150838343578},"type":"frame","currentFrameRate":115.312698,"historyIdx":56630},{"valid":true,"id":88312,"timestamp":150838352227,"hands":[],"handsMap":{},"pointables":[],"tools":[],"fingers":[],"gestures":[],"pointablesMap":{},"_rotation":[],"data":{"currentFrameRate":115.325714,"devices":[],"hands":[],"id":88312,"pointables":[],"timestamp":150838352227},"type":"frame","currentFrameRate":115.325714,"historyIdx":56631},{"valid":true,"id":88313,"timestamp":150838360918,"hands":[],"handsMap":{},"pointables":[],"tools":[],"fingers":[],"gestures":[],"pointablesMap":{},"_rotation":[],"data":{"currentFrameRate":115.314484,"devices":[],"hands":[],"id":88313,"pointables":[],"timestamp":150838360918},"type":"frame","currentFrameRate":115.314484,"historyIdx":56632},{"valid":true,"id":88314,"timestamp":150838369586,"hands":[],"handsMap":{},"pointables":[],"tools":[],"fingers":[],"gestures":[],"pointablesMap":{},"_rotation":[],"data":{"currentFrameRate":115.316704,"devices":[],"hands":[],"id":88314,"pointables":[],"timestamp":150838369586},"type":"frame","currentFrameRate":115.316704,"historyIdx":56633},{"valid":true,"id":88315,"timestamp":150838378251,"hands":[],"handsMap":{},"pointables":[],"tools":[],"fingers":[],"gestures":[],"pointablesMap":{},"_rotation":[],"data":{"currentFrameRate":115.320526,"devices":[],"hands":[],"id":88315,"pointables":[],"timestamp":150838378251},"type":"frame","currentFrameRate":115.320526,"historyIdx":56634},{"valid":true,"id":88316,"timestamp":150838386889,"hands":[],"handsMap":{},"pointables":[],"tools":[],"fingers":[],"gestures":[],"pointablesMap":{},"_rotation":[],"data":{"currentFrameRate":115.339424,"devices":[],"hands":[],"id":88316,"pointables":[],"timestamp":150838386889},"type":"frame","currentFrameRate":115.339424,"historyIdx":56635},{"valid":true,"id":88317,"timestamp":150838395585,"hands":[],"handsMap":{},"pointables":[],"tools":[],"fingers":[],"gestures":[],"pointablesMap":{},"_rotation":[],"data":{"currentFrameRate":115.324783,"devices":[],"hands":[],"id":88317,"pointables":[],"timestamp":150838395585},"type":"frame","currentFrameRate":115.324783,"historyIdx":56636},{"valid":true,"id":88318,"timestamp":150838404247,"hands":[],"handsMap":{},"pointables":[],"tools":[],"fingers":[],"gestures":[],"pointablesMap":{},"_rotation":[],"data":{"currentFrameRate":115.329956,"devices":[],"hands":[],"id":88318,"pointables":[],"timestamp":150838404247},"type":"frame","currentFrameRate":115.329956,"historyIdx":56637},{"valid":true,"id":88319,"timestamp":150838412930,"hands":[],"handsMap":{},"pointables":[],"tools":[],"fingers":[],"gestures":[],"pointablesMap":{},"_rotation":[],"data":{"currentFrameRate":115.323059,"devices":[],"hands":[],"id":88319,"pointables":[],"timestamp":150838412930},"type":"frame","currentFrameRate":115.323059,"historyIdx":56638},{"valid":true,"id":88320,"timestamp":150838421609,"hands":[],"handsMap":{},"pointables":[],"tools":[],"fingers":[],"gestures":[],"pointablesMap":{},"_rotation":[],"data":{"currentFrameRate":115.31871,"devices":[],"hands":[],"id":88320,"pointables":[],"timestamp":150838421609},"type":"frame","currentFrameRate":115.31871,"historyIdx":56639},{"valid":true,"id":88321,"timestamp":150838430282,"hands":[],"handsMap":{},"pointables":[],"tools":[],"fingers":[],"gestures":[],"pointablesMap":{},"_rotation":[],"data":{"currentFrameRate":115.317924,"devices":[],"hands":[],"id":88321,"pointables":[],"timestamp":150838430282},"type":"frame","currentFrameRate":115.317924,"historyIdx":56640},{"valid":true,"id":88322,"timestamp":150838438942,"hands":[],"handsMap":{},"pointables":[],"tools":[],"fingers":[],"gestures":[],"pointablesMap":{},"_rotation":[],"data":{"currentFrameRate":115.324516,"devices":[],"hands":[],"id":88322,"pointables":[],"timestamp":150838438942},"type":"frame","currentFrameRate":115.324516,"historyIdx":56641},{"valid":true,"id":88323,"timestamp":150838447643,"hands":[],"handsMap":{},"pointables":[],"tools":[],"fingers":[],"gestures":[],"pointablesMap":{},"_rotation":[],"data":{"currentFrameRate":115.307693,"devices":[],"hands":[],"id":88323,"pointables":[],"timestamp":150838447643},"type":"frame","currentFrameRate":115.307693,"historyIdx":56642},{"valid":true,"id":88324,"timestamp":150838456295,"hands":[],"handsMap":{},"pointables":[],"tools":[],"fingers":[],"gestures":[],"pointablesMap":{},"_rotation":[],"data":{"currentFrameRate":115.319229,"devices":[],"hands":[],"id":88324,"pointables":[],"timestamp":150838456295},"type":"frame","currentFrameRate":115.319229,"historyIdx":56643},{"valid":true,"id":88325,"timestamp":150838464954,"hands":[],"handsMap":{},"pointables":[],"tools":[],"fingers":[],"gestures":[],"pointablesMap":{},"_rotation":[],"data":{"currentFrameRate":115.326332,"devices":[],"hands":[],"id":88325,"pointables":[],"timestamp":150838464954},"type":"frame","currentFrameRate":115.326332,"historyIdx":56644},{"valid":true,"id":88326,"timestamp":150838473634,"hands":[],"handsMap":{},"pointables":[],"tools":[],"fingers":[],"gestures":[],"pointablesMap":{},"_rotation":[],"data":{"currentFrameRate":115.321281,"devices":[],"hands":[],"id":88326,"pointables":[],"timestamp":150838473634},"type":"frame","currentFrameRate":115.321281,"historyIdx":56645},{"valid":true,"id":88327,"timestamp":150838482335,"hands":[],"handsMap":{},"pointables":[],"tools":[],"fingers":[],"gestures":[],"pointablesMap":{},"_rotation":[],"data":{"currentFrameRate":115.304588,"devices":[],"hands":[],"id":88327,"pointables":[],"timestamp":150838482335},"type":"frame","currentFrameRate":115.304588,"historyIdx":56646},{"valid":true,"id":88328,"timestamp":150838490941,"hands":[],"handsMap":{},"pointables":[],"tools":[],"fingers":[],"gestures":[],"pointablesMap":{},"_rotation":[],"data":{"currentFrameRate":115.342216,"devices":[],"hands":[],"id":88328,"pointables":[],"timestamp":150838490941},"type":"frame","currentFrameRate":115.342216,"historyIdx":56647},{"valid":true,"id":88329,"timestamp":150838499675,"hands":[],"handsMap":{},"pointables":[],"tools":[],"fingers":[],"gestures":[],"pointablesMap":{},"_rotation":[],"data":{"currentFrameRate":115.306023,"devices":[],"hands":[],"id":88329,"poi