{"hands":[{"palmPosition":[-934.37793,470.16748,102.824944],"id":102,"arm":{"basis":[[0.546288,-0.464825,-0.696784],[-0.827111,-0.430589,-0.36122],[0.132124,-0.773648,0.619688]],"width":63.836567,"center":[-890.2999267578125,298.9482116699219,205.11001586914062]},"confidence":1,"fingers":[{"bones":[{"basis":[[-0.614025,-0.314249,-0.724031],[-0.571845,-0.455159,0.682512],[0.544028,-0.833113,-0.099777]],"center":[-916.265625,428.3066101074219,136.96182250976562],"matrix":[0.6140249967575073,0.3142490088939667,0.7240309715270996,-916.265625,-0.5718449950218201,-0.4551590085029602,0.6825119853019714,428.3066101074219,0.5440279841423035,-0.8331130146980286,-0.09977699816226959,136.96182250976562,0,0,0,1],"nextJoint":[-916.265625,428.30661,136.961823],"prevJoint":[-916.265625,428.30661,136.961823]},{"basis":[[-0.660055,-0.238248,-0.712436],[-0.57593,-0.448414,0.683542],[0.482319,-0.861489,-0.158764]],"center":[-927.8883056640625,449.06634521484375,140.78762817382812],"matrix":[0.6600549817085266,0.23824800550937653,0.7124360203742981,-927.8883056640625,-0.5759299993515015,-0.44841399788856506,0.683542013168335,449.06634521484375,0.4823189973831177,-0.8614889979362488,-0.15876400470733643,140.78762817382812,0,0,0,1],"nextJoint":[-939.510986,469.82608,144.613434],"prevJoint":[-916.265625,428.30661,136.961823]},{"basis":[[-0.709074,-0.118944,-0.69503],[-0.653304,-0.260097,0.711016],[0.265346,-0.958229,-0.106722]],"center":[-943.8426513671875,485.46875,146.35562133789062],"matrix":[0.7090740203857422,0.11894399672746658,0.6950299739837646,-943.8426513671875,-0.6533039808273315,-0.2600969970226288,0.7110159993171692,485.46875,0.2653459906578064,-0.9582290053367615,-0.10672199726104736,146.35562133789062,0,0,0,1],"nextJoint":[-948.174316,501.11145,148.097809],"prevJoint":[-939.510986,469.82608,144.613434]},{"basis":[[-0.726302,0.080951,-0.682593],[-0.680499,0.05544,0.730649],[-0.09699,-0.995175,-0.014821]],"center":[-947.3431396484375,509.6395263671875,148.22482299804688],"matrix":[0.7263020277023315,-0.08095099776983261,0.6825929880142212,-947.3431396484375,-0.6804990172386169,0.05544000118970871,0.7306489944458008,509.6395263671875,-0.09698999673128128,-0.9951750040054321,-0.014821000397205353,148.22482299804688,0,0,0,1],"nextJoint":[-946.512024,518.167603,148.351822],"prevJoint":[-948.174316,501.11145,148.097809]}]},{"bones":[{"basis":[[0.379279,0.023493,-0.924984],[-0.863722,-0.349555,-0.363037],[0.331861,-0.936621,0.112287]],"center":[-945.4196166992188,457.19317626953125,119.18668365478516],"matrix":[-0.3792789876461029,-0.023492999374866486,0.9249839782714844,-945.4196166992188,-0.863722026348114,-0.34955498576164246,-0.36303699016571045,457.19317626953125,0.3318609893321991,-0.9366210103034973,0.1122869998216629,119.18668365478516,0,0,0,1],"nextJoint":[-957.549011,491.426208,115.082634],"prevJoint":[-933.290283,422.960144,123.290733]},{"basis":[[0.33401,0.21536,-0.917637],[-0.934995,-0.047473,-0.35147],[0.119255,-0.97538,-0.185504]],"center":[-959.8870239257812,510.5486755371094,118.71946716308594],"matrix":[-0.3340100049972534,-0.21536000072956085,0.9176369905471802,-959.8870239257812,-0.9349949955940247,-0.0474729984998703,-0.3514699935913086,510.5486755371094,0.11925499886274338,-0.975380003452301,-0.1855040043592453,118.71946716308594,0,0,0,1],"nextJoint":[-962.225037,529.671143,122.356293],"prevJoint":[-957.549011,491.426208,115.082634]},{"basis":[[0.367031,0.424937,-0.827476],[-0.84488,0.524466,-0.10542],[-0.389186,-0.737811,-0.551516]],"center":[-958.070556640625,537.5471801757812,128.24366760253906],"matrix":[-0.3670310080051422,-0.42493700981140137,0.8274760246276855,-958.070556640625,-0.8448799848556519,0.5244659781455994,-0.10542000085115433,537.5471801757812,-0.38918599486351013,-0.7378110289573669,-0.5515159964561462,128.24366760253906,0,0,0,1],"nextJoint":[-953.916016,545.423218,134.131027],"prevJoint":[-962.225037,529.671143,122.356293]},{"basis":[[0.358552,0.406457,-0.840377],[-0.879042,0.450012,-0.157396],[-0.314206,-0.795162,-0.518645]],"center":[-952.1270141601562,549.9506225585938,137.08404541015625],"matrix":[-0.3585520088672638,-0.40645700693130493,0.8403769731521606,-952.1270141601562,-0.8790420293807983,0.4500119984149933,-0.15739600360393524,549.9506225585938,-0.31420600414276123,-0.7951620221138,-0.5186449885368347,137.08404541015625,0,0,0,1],"nextJoint":[-950.338013,554.478088,140.037079],"prevJoint":[-953.916016,545.423218,134.131027]}]},{"bones":[{"basis":[[0.562277,-0.04402,-0.825777],[-0.77967,-0.361029,-0.511637],[0.275607,-0.931515,0.237319]],"center":[-939.1173706054688,457.10247802734375,104.06169891357422],"matrix":[-0.5622770190238953,0.04402000084519386,0.825776994228363,-939.1173706054688,-0.779670000076294,-0.3610289990901947,-0.5116369724273682,457.10247802734375,0.27560698986053467,-0.9315149784088135,0.2373189926147461,104.06169891357422,0,0,0,1],"nextJoint":[-948.670166,489.389557,95.836006],"prevJoint":[-929.564636,424.815369,112.287392]},{"basis":[[0.534231,0.152859,-0.831404],[-0.845334,0.099918,-0.524811],[-0.00285,-0.983184,-0.182596]],"center":[-948.605712890625,511.6246337890625,99.96549224853516],"matrix":[-0.5342310070991516,-0.15285900235176086,0.8314039707183838,-948.605712890625,-0.845333993434906,0.09991800040006638,-0.5248110294342041,511.6246337890625,-0.002850000048056245,-0.9831839799880981,-0.18259599804878235,99.96549224853516,0,0,0,1],"nextJoint":[-948.54126,533.859741,104.094971],"prevJoint":[-948.670166,489.389557,95.836006]},{"basis":[[0.584592,0.269602,-0.765223],[-0.523535,0.845884,-0.101934],[-0.619809,-0.460211,-0.635643]],"center":[-940.2275390625,540.03271484375,112.62108612060547],"matrix":[-0.5845919847488403,-0.2696020007133484,0.7652230262756348,-940.2275390625,-0.5235350131988525,0.8458840250968933,-0.10193400084972382,540.03271484375,-0.6198089718818665,-0.46021100878715515,-0.6356430053710938,112.62108612060547,0,0,0,1],"nextJoint":[-931.913818,546.205688,121.147194],"prevJoint":[-948.54126,533.859741,104.094971]},{"basis":[[0.64974,0.286778,-0.703986],[-0.117662,0.952887,0.279575],[-0.750995,0.098819,-0.652872]],"center":[-926.7998657226562,545.5327758789062,125.59297180175781],"matrix":[-0.6497399806976318,-0.2867780029773712,0.7039859890937805,-926.7998657226562,-0.11766199767589569,0.9528869986534119,0.279574990272522,545.5327758789062,-0.7509949803352356,0.09881900250911713,-0.6528720259666443,125.59297180175781,0,0,0,1],"nextJoint":[-921.685913,544.859863,130.038742],"prevJoint":[-931.913818,546.205688,121.147194]}]},{"bones":[{"basis":[[0.65387,-0.153278,-0.740918],[-0.728323,-0.392762,-0.561502],[0.204938,-0.906776,0.368452]],"center":[-929.8551635742188,453.81915283203125,90.70793914794922],"matrix":[-0.6538699865341187,0.15327799320220947,0.740917980670929,-929.8551635742188,-0.7283229827880859,-0.3927620053291321,-0.5615019798278809,453.81915283203125,0.20493799448013306,-0.9067760109901428,0.3684520125389099,90.70793914794922,0,0,0,1],"nextJoint":[-936.232788,482.03772,79.241859],"prevJoint":[-923.477539,425.600586,102.174026]},{"basis":[[0.656517,-0.127096,-0.743526],[-0.646972,0.411922,-0.641675],[-0.38783,-0.902312,-0.188207]],"center":[-927.9944458007812,501.20477294921875,83.2397689819336],"matrix":[-0.6565170288085938,0.1270959973335266,0.7435259819030762,-927.9944458007812,-0.6469720005989075,0.41192200779914856,-0.6416749954223633,501.20477294921875,-0.38782998919487,-0.9023119807243347,-0.1882070004940033,83.2397689819336,0,0,0,1],"nextJoint":[-919.756104,520.371826,87.237686],"prevJoint":[-936.232788,482.03772,79.241859]},{"basis":[[0.735932,0.011977,-0.676949],[-0.452594,0.752321,-0.478719],[-0.50355,-0.658688,-0.559078]],"center":[-913.1316528320312,529.0372314453125,94.5926742553711],"matrix":[-0.7359319925308228,-0.011977000162005424,0.6769490242004395,-913.1316528320312,-0.45259401202201843,0.7523210048675537,-0.47871899604797363,529.0372314453125,-0.5035499930381775,-0.6586880087852478,-0.5590779781341553,94.5926742553711,0,0,0,1],"nextJoint":[-906.507141,537.702637,101.947662],"prevJoint":[-919.756104,520.371826,87.237686]},{"basis":[[0.870796,0.111463,-0.478843],[-0.127994,0.991773,-0.001902],[-0.474691,-0.062945,-0.877899]],"center":[-903.2570190429688,538.1336059570312,107.95841217041016],"matrix":[-0.8707960247993469,-0.11146300286054611,0.47884300351142883,-903.2570190429688,-0.12799400091171265,0.9917730093002319,-0.0019020000472664833,538.1336059570312,-0.4746910035610199,-0.06294500082731247,-0.8778989911079407,107.95841217041016,0,0,0,1],"nextJoint":[-900.006958,538.564575,113.969162],"prevJoint":[-906.507141,537.702637,101.947662]}]},{"bones":[{"basis":[[0.784487,-0.190181,-0.590264],[-0.596769,-0.49038,-0.635133],[0.168663,-0.850505,0.49819]],"center":[-914.6591186523438,451.68389892578125,82.13727569580078],"matrix":[-0.7844870090484619,0.19018100202083588,0.5902640223503113,-914.6591186523438,-0.5967689752578735,-0.4903799891471863,-0.6351330280303955,451.68389892578125,0.16866299510002136,-0.850504994392395,0.4981899857521057,82.13727569580078,0,0,0,1],"nextJoint":[-919.517822,476.184509,67.785843],"prevJoint":[-909.800415,427.183289,96.488708]},{"basis":[[0.781227,-0.218222,-0.584862],[-0.499999,0.342196,-0.795552],[-0.373744,-0.913937,-0.158222]],"center":[-912.8321533203125,492.5333557128906,70.61618041992188],"matrix":[-0.7812269926071167,0.2182220071554184,0.5848619937896729,-912.8321533203125,-0.4999989867210388,0.342195987701416,-0.7955520153045654,492.5333557128906,-0.37374401092529297,-0.913936972618103,-0.1582220047712326,70.61618041992188,0,0,0,1],"nextJoint":[-906.146484,508.882202,73.446518],"prevJoint":[-919.517822,476.184509,67.785843]},{"basis":[[0.806514,-0.178867,-0.563509],[-0.190865,0.823329,-0.53451],[-0.559559,-0.538643,-0.629886]],"center":[-900.3041381835938,514.506103515625,80.02311706542969],"matrix":[-0.8065140247344971,0.17886699736118317,0.5635089874267578,-900.3041381835938,-0.19086499512195587,0.823328971862793,-0.5345100164413452,514.506103515625,-0.5595589876174927,-0.5386430025100708,-0.6298859715461731,80.02311706542969,0,0,0,1],"nextJoint":[-894.461853,520.130066,86.599709],"prevJoint":[-906.146484,508.882202,73.446518]},{"basis":[[0.816844,-0.170529,-0.551077],[-0.081405,0.91167,-0.402778],[-0.571086,-0.373868,-0.73081]],"center":[-890.40673828125,522.7847900390625,91.78897857666016],"matrix":[-0.8168439865112305,0.17052899301052094,0.5510770082473755,-890.40673828125,-0.08140499889850616,0.9116700291633606,-0.4027779996395111,522.7847900390625,-0.5710859894752502,-0.3738679885864258,-0.7308099865913391,91.78897857666016,0,0,0,1],"nextJoint":[-886.351624,525.439514,96.978249],"prevJoint":[-894.461853,520.130066,86.599709]}]}]}],"id":141308}